0.568942 63
7.371639 1
0.445266 4
0.162021 1
0.670555 1
0.267313 1
1.339592 1
0.313013 1
0.293845 1
0.086458 1
0.948271 1
0.263397 1
0.656273 1
0.409354 1
0.383453 1
0.457214 1
0.448619 1
0.240676 2
0.005252 73
0.000753 63
4.907787 13
19.487522 1
0.522644 1
0.029707 1
0.030664 1
0.030024 1
0.030660 1
0.030641 1
0.037820 1
0.621770 19
0.226152 17
0.653917 17
0.215672 2
0.002831 72
0.000906 63
1.803909 16
0.387162 1
0.508907 1
0.030019 1
0.030404 1
0.029605 1
0.208844 1
0.138261 1
0.125815 1
0.407315 21
0.157934 17
0.486779 2
0.003210 72
0.001109 63
7.067448 16
0.351374 1
0.517555 1
0.031060 1
0.030246 1
0.030366 1
0.029927 1
0.186164 1
0.141830 1
0.523593 21
0.224066 17
0.400710 2
0.003809 63
24.963259 1
0.182179 1
0.222222 1
0.252513 1
4.992705 4
0.216309 4
0.147852 4
1.074571 1
0.198893 1
0.271579 1
2.243756 1
0.995533 1
0.277505 1
0.359684 1
0.529602 1
0.318978 1
0.454026 1
1.051107 1
0.293813 1
1.198849 1
0.922445 1
0.196573 1
0.166113 1
0.164076 1
1.024430 1
0.514937 2
2.527892 1
0.150845 2
0.000319 3
1.632827 2
0.001346 65
0.867536 19
1.033515 1
0.515629 1
0.030267 1
0.029874 1
0.030256 1
0.515845 3
0.215505 3
0.168929 3
0.131153 3
0.147410 3
0.762478 4
0.070632 1
0.369529 4
0.064128 1
3.289950 2
0.969523 1
0.130616 2
0.000104 1
0.000014 2
1.935538 2
0.000844 65
1.097295 19
0.469474 2
3.001035 4
0.505408 4
0.038650 4
0.030593 4
0.029714 4
0.030569 4
0.030190 4
0.030379 4
0.030473 4
0.030398 4
0.030511 4
0.030372 4
0.038391 4
0.027838 4
0.030330 4
0.029990 4
0.030385 4
0.030229 4
0.030623 4
0.030195 1
0.030082 1
0.030274 1
0.030558 1
0.030498 1
0.030135 1
0.029999 1
0.030348 1
1.294471 1
0.405381 1
0.482345 1
1.360491 1
0.966570 1
1.014729 1
1.116579 1
8.951451 4
0.521211 4
0.031482 4
0.029282 4
0.029826 4
0.030516 4
0.030749 4
0.029929 1
0.030021 1
0.030429 1
0.030542 1
0.040611 1
0.029842 1
0.030181 1
0.030647 1
0.029812 1
0.388772 1
0.086235 1
0.277716 1
0.616348 1
0.485369 4
1.121456 1
0.195740 69
1.277219 1
0.528160 1
0.181977 1
4.915236 1
2.118753 1
0.407726 1
0.208702 1
0.367400 1
0.288266 1
0.282803 1
1.629397 1
0.931359 1
0.128434 1
0.121266 1
0.222154 1
0.151532 1
0.422584 4
0.798313 1
0.093935 2
0.017739 67
2.769405 1
0.075267 1
0.360832 2
0.002171 26
0.000833 67
1.555860 1
0.110749 1
0.259748 1
0.141551 1
0.330187 1
0.266776 1
0.108846 1
0.186587 1
0.404772 4
0.121534 1
1.015769 1
0.086693 2
0.003397 3
0.000659 67
5.875882 1
0.137304 1
0.240307 1
2.220138 1
0.763067 1
0.650512 1
0.303066 77
1.780393 6
0.303998 13
0.410479 14
0.504234 16
1.354942 1
0.194278 1
0.155477 1
0.141070 1
0.389793 1
0.157401 1
0.151491 1
0.182777 1
0.657920 21
0.175241 19
0.135532 21
0.140845 19
1.300268 3
0.140978 3
0.141341 3
0.124994 3
0.140924 3
0.116534 3
0.131305 3
0.137097 3
1.161845 4
0.274149 1
0.637299 1
0.512429 1
0.029435 1
0.030326 1
0.030393 1
0.042119 1
0.027382 1
0.030950 1
0.029566 1
0.030799 1
0.030057 1
0.520395 3
0.448532 23
0.457717 21
0.091005 21
0.314998 2
0.003907 75
2.007457 15
3.075221 4
0.515198 4
0.030032 4
0.030015 4
0.030224 4
0.031272 4
0.038945 4
0.026511 4
0.030776 4
0.029560 4
0.030715 4
0.030036 4
0.206824 4
0.166511 4
0.126326 4
0.152971 1
0.752243 1
0.071008 1
0.131630 2
0.003049 38
0.000937 75
1.854566 1
0.123149 1
0.191965 1
0.113816 1
0.466799 1
0.176303 1
0.134593 1
0.131634 1
0.177191 1
0.318271 1
0.118203 2
0.001950 73
0.000681 75
1.725805 10
0.356023 1
0.389394 7
0.313865 2
0.002449 3
0.000727 75
5.555034 1
0.106146 1
0.104827 1
1.655030 1
0.447776 2
0.000774 79
1.588856 1
0.103153 1
0.164549 1
0.815008 1
0.206543 1
0.121546 1
0.241375 1
0.414080 1
0.101319 2
0.003971 79
1.188540 1
0.121458 1
0.211709 1
1.031361 1
0.141176 1
0.088151 1
0.256801 1
0.393557 1
0.808991 2
0.002894 79
1.632580 1
0.096728 1
0.146844 1
0.555864 1
0.147028 1
0.151181 77
0.898648 1
0.112662 1
0.052125 2
0.005729 41
0.001550 75
3.182372 2
0.212795 7
0.242690 13
0.263590 2
0.313804 16
0.311005 11
0.613201 2
0.001546 39
0.000881 75
3.901034 1
0.096824 1
0.165669 1
0.702649 1
0.191643 1
0.354580 73
2.095650 1
0.107215 1
0.488931 1
0.172150 1
0.222609 2
0.000192 31
0.001217 71
0.897550 1
0.126081 1
0.460966 1
0.160921 1
0.171502 1
0.101059 69
1.198125 1
0.105217 1
0.071340 2
0.003192 26
0.000619 67
1.324047 1
0.141934 1
0.252011 1
0.127308 1
0.763899 1
0.232995 1
0.125771 1
0.130550 1
0.156825 1
0.252431 1
0.121714 2
0.003222 73
0.000707 67
4.481562 1
0.502021 4
0.343302 1
0.111155 1
0.054368 2
0.002956 26
0.000758 67
2.486526 1
0.110848 1
0.207074 1
0.131640 1
0.565507 1
0.198125 1
0.135537 1
0.176880 1
0.380733 1
0.114107 2
0.001703 3
0.000610 67
11.755153 1
0.095750 1
0.167276 1
0.182833 1
0.144871 1
0.355193 65
2.307104 1
0.121863 1
0.449386 1
2.167508 1
0.140672 1
0.284151 1
0.630898 1
0.119474 2
0.002759 63
1.299448 1
0.124517 1
0.098523 2
0.003009 410
0.000855 63
3.050249 1
0.248490 1
0.367848 1
0.191817 1
0.106631 8
