0.045667 86
25.966280 1
0.119206 1
0.176156 1
0.418093 1
1.048203 1
0.145657 1
0.081799 1
1.135548 4
2.004971 4
0.329374 4
0.742425 1
0.334184 1
0.956572 1
0.121835 1
0.157401 1
0.168471 11
0.215417 25
0.143710 1455
3.794120 28
0.005893 86
5.353798 1
0.116417 1
0.096934 1
0.747426 11
0.031010 13
0.184607 3109
3.016981 2745
3.014417 1350
3.017510 2273
3.012700 2277
3.018038 2277
3.019193 2277
3.019277 2511
3.025529 1481
3.017988 2277
3.021577 1378
3.021265 3004
3.019337 2277
3.016842 3004
3.021737 2277
3.016492 1350
3.017163 2536
3.015316 2770
3.014107 1247
3.020693 2511
3.022464 2277
3.022879 2511
3.030268 2277
3.018208 1350
3.015674 2277
3.021119 2277
3.015964 1247
3.023012 2277
3.022521 2277
3.016598 2277
3.021038 1911
3.015254 2277
3.015810 2277
3.018833 2277
3.013748 1144
3.016768 2277
3.020762 2511
3.028952 2540
3.014416 2774
3.020090 1243
3.020417 2540
3.014541 2536
3.024243 2277
3.022815 1350
3.021630 2536
3.019243 1712
3.028130 2536
3.020616 2540
1.993245 31
0.002566 86
14.125188 2
0.131286 2
0.225785 2
0.174758 1
0.633103 2
0.255271 2
0.713406 2
0.106597 2
0.282142 2
0.375955 4
0.529453 4
0.029974 4
0.029816 4
0.030258 4
0.030069 4
0.031821 4
0.029551 4
0.030770 4
0.032101 1
0.028054 1
0.029788 1
0.041157 1
0.615523 1
0.157214 1
0.184260 1
0.380359 1
0.815451 1
0.468361 1
0.232066 1
0.127550 1
0.215429 1
0.070955 11
0.060509 25
0.046388 1281
3.864367 28
0.005415 86
20.610777 1
0.240447 1
0.333535 1
0.463802 4
0.196742 4
0.111889 4
1.581303 1
0.198895 1
0.216011 1
0.263798 1
0.310663 1
0.171924 1
14.186216 1
0.435705 9
0.387782 11
0.070689 86
43.706676 16
0.388544 1
0.510698 1
0.028265 1
0.030102 1
0.031329 1
0.030145 1
0.029929 1
0.031913 1
0.030753 1
0.029811 1
0.037905 1
0.803159 9
0.258116 5
0.382537 5
0.162635 9
0.359064 11
0.022261 154
0.002675 86
15.419671 20
0.433463 1
0.516029 1
0.029924 1
0.031173 1
0.030920 1
0.029537 1
0.037552 1
0.028331 1
0.030448 1
0.201631 1
0.191329 1
0.408594 5
0.292614 5
1.219404 5
0.349066 9
0.352427 11
0.069745 86
28.583422 20
2.232164 1
0.521036 1
0.029919 1
0.028705 1
0.032371 1
0.027776 1
0.029746 1
0.029861 1
0.040349 1
0.030249 1
0.030031 1
0.384718 5
0.183619 5
0.705593 5
0.624852 9
0.532022 5
0.308718 2
0.000119 9
0.076136 30
0.000698 86
81.867361 1
0.133928 1
0.111639 1
0.761853 1
0.121096 1
1.606009 1
0.509836 9
0.311709 11
0.009619 75
0.000388 212
7.875526 6
0.001694 84
0.001068 447
0.000335 38
0.168654 34
0.001166 43
1.105145 6
0.000473 28
0.000053 12
13.459075 6
0.000028 8
0.000385 75
1.720128 14
0.000215 17
4.710119 6
0.000130 413
0.179798 91
0.001226 2
0.000228 46
0.000042 86
2.452459 15
0.363714 60
0.597482 11
0.086918 30
0.000450 86
3.026475 19
36.873327 4
3.137616 1
0.509308 1
0.030025 1
0.032165 1
0.030717 1
0.029274 1
0.029710 1
0.030318 1
0.030453 1
0.032154 1
0.028930 1
0.030585 1
0.030647 1
0.028708 1
0.045013 1
0.027830 1
0.031396 1
0.030158 1
0.030986 1
0.028115 1
0.030826 1
0.031039 1
0.030092 1
0.463326 3
0.688877 3
0.504068 3
0.030947 3
0.029593 3
0.038891 3
0.030077 3
0.030672 3
0.030917 3
0.030870 3
0.029831 3
0.030196 3
0.029011 3
0.030744 3
0.030714 3
0.030641 3
0.035080 3
0.029265 3
0.031019 1
0.030226 1
0.032509 1
0.030663 1
0.028729 1
0.029298 1
0.031057 1
0.030012 1
2.507562 11
0.071923 30
0.000679 86
5.158979 1
0.897970 4
0.220776 1
27.133957 15
1.536701 13
0.724594 1
0.139873 1
1.656866 15
1.097833 13
0.159625 1
1.791114 1
0.099729 1
0.196343 1
0.616730 1
0.520332 1
0.029711 1
0.030112 1
0.030832 1
0.029478 1
0.030713 1
0.030278 1
0.030029 1
0.029417 1
0.030655 1
0.038267 1
0.830821 3
1.810305 23
0.177183 23
0.265256 23
0.216026 23
0.085977 23
0.257572 23
1.290982 23
10.557950 3
0.500270 3
0.031199 3
0.030923 3
0.029191 3
0.031285 3
0.029285 3
0.044468 3
0.027769 3
0.030413 3
0.032346 3
0.991850 1
0.650331 11
0.002670 53
0.001395 86
4.096444 27
0.424233 1
0.511379 1
0.029141 1
0.030275 1
0.029486 1
0.029153 1
0.030582 1
0.031139 1
0.029146 1
0.030658 1
0.043650 1
0.029976 1
0.171953 1
0.162411 1
0.140450 1
0.134776 1
0.388264 1
0.992252 35
0.522278 11
0.003834 54
0.004624 86
3.374926 28
0.802743 1
0.518413 1
0.029876 1
0.030456 1
0.031068 1
0.029918 1
0.035258 1
0.026997 1
0.031688 1
0.030871 1
0.189303 1
0.487938 27
0.203920 27
0.155362 27
0.125032 27
0.188137 27
0.247345 27
0.516287 11
0.026237 86
12.381489 22
0.364645 1
0.511444 1
0.030288 1
0.032134 1
0.172789 1
0.698443 15
0.198801 15
0.148785 15
0.120486 15
0.150455 15
0.215323 15
0.700640 11
0.191603 11
0.181100 11
0.242839 11
0.611286 1
0.251164 1
0.674873 1
0.166734 1
0.514329 1
0.029212 1
0.030310 1
0.181695 1
0.221001 1
0.178943 1
1.169839 3
0.211941 5
0.162596 5
0.140222 5
0.162399 5
0.120101 5
0.166102 5
0.854194 5
0.159483 5
0.599946 5
0.086815 5
0.190178 2
0.000123 9
0.635712 8
0.000086 78
2.477626 1
0.203036 1
0.500612 1
0.368160 1
0.070829 11
0.514992 4095
0.000091 4095
0.000291 4095
0.000705 4095
0.000601 4095
0.000832 4095
0.000222 4095
0.013041 4095
0.000305 4095
0.003120 4095
0.002225 4095
0.000141 4095
0.000498 4095
0.000549 4095
0.001911 8192
0.007772 4095
0.000353 4095
0.001523 4095
0.002402 4095
0.001924 4095
0.006674 4095
0.000514 4095
0.001240 4095
0.001399 4095
0.000257 4095
0.000532 4095
0.008241 8192
0.000931 4095
0.000167 4095
0.000907 4095
0.000257 4095
0.001752 8192
0.000986 4095
0.000453 4095
0.000536 4095
0.000619 4095
0.000715 4095
0.001518 4095
0.000557 4095
0.002007 4095
0.000198 4095
0.000313 4095
0.002542 4095
0.015955 4095
0.000236 4095
0.000403 4095
0.000589 4095
0.000663 4095
0.000381 4095
0.000937 7176
0.002054 4095
0.000224 4095
0.001044 4095
0.000052 4095
0.002014 4095
0.000220 4095
0.000496 4095
0.001476 5148
0.001072 4095
0.000191 4095
0.001664 4095
0.000745 4095
0.000117 4095
0.003725 4095
0.000062 4095
0.000099 4095
0.000012 1630
0.016710 2753
0.000478 4095
0.000054 4095
0.002480 8192
0.000292 4095
0.000972 4095
0.001509 4095
0.001083 4095
0.000099 4095
0.000780 4095
0.000497 4095
0.000748 4095
0.000362 4095
0.008017 4095
0.000258 4095
0.002559 4095
0.001703 4095
0.000933 4095
0.000432 4095
0.000794 4095
0.000691 4095
0.000895 4095
0.000909 4095
0.000959 4095
0.000110 4095
0.003758 4095
0.000320 4095
0.000970 4095
0.014584 4095
0.001326 4095
0.000182 4095
0.002394 6961
0.000666 4095
0.000076 4095
0.000032 4086
0.000443 8192
0.000682 4095
0.000068 4095
0.002132 5823
0.000163 4095
0.000341 4095
0.001076 4095
0.000551 8192
0.000068 4095
0.000582 7203
0.000364 4095
0.000598 4095
0.000206 4095
0.000688 4095
0.001054 4095
0.000513 4095
0.000123 4095
0.002349 4095
0.000942 4095
0.000056 4095
0.000024 4095
0.000278 4095
0.000393 4095
0.000382 4095
0.000471 4095
0.023000 4095
0.000319 4095
0.000233 4095
0.000947 4095
0.000853 4095
0.002035 4095
0.000200 4095
0.001941 4095
0.000192 4095
0.001683 4095
0.001057 6601
0.000460 4095
0.000052 4095
0.000112 4095
0.000110 7196
0.000588 4095
0.001633 4095
0.000960 4095
0.000134 4095
0.000157 4095
0.000481 4095
0.000505 4095
0.000613 4095
0.001390 4095
0.006296 4095
0.000581 4095
0.001867 4095
0.001145 4095
0.000185 4095
0.000944 4095
0.001195 7286
0.001060 8192
0.001380 4095
0.000079 4095
0.000656 4095
0.021220 4095
0.000220 4095
0.000093 4095
0.003699 4095
0.000569 4095
0.000319 4095
0.000108 4095
0.002088 8192
0.000346 4095
0.000084 4095
0.001125 4095
0.000276 4095
0.000506 4095
0.000059 4095
0.000607 4095
0.001204 4095
0.000198 4095
0.000303 3360
0.000887 2705
0.000064 3185
0.000257 2707
0.000024 1560
0.000067 475
0.000933 4095
0.001574 4095
0.000272 4095
0.000101 4095
0.000722 4095
0.000822 4095
0.000152 4095
0.000923 6719
0.001136 4095
0.000119 4095
0.001801 4095
0.000389 7926
0.001723 7168
0.000635 4095
0.000651 4095
0.000625 4095
0.000275 4095
0.002268 4095
0.001777 4095
0.000305 4095
0.001689 4095
0.004816 4095
0.000239 4095
0.003014 4095
0.000301 4095
0.001982 4095
0.002036 4095
0.027915 4095
0.000222 4095
0.002801 4095
0.000191 4095
0.000119 4095
0.000062 258
0.000485 1050
0.000500 3403
0.000023 1485
0.000153 1153
0.000046 1136
0.000274 602
0.000064 1230
0.000283 1683
0.000363 2443
0.000010 147
0.000177 747
0.000333 3692
0.000426 1185
0.000102 764
0.000544 2080
0.000019 145
0.000489 1359
0.000112 886
0.000054 157
0.000371 1656
0.000014 742
0.000217 2725
0.002453 4095
0.000294 4095
0.001088 4095
0.000702 4095
0.000815 4095
0.001534 4095
0.002051 4095
0.001998 4095
0.000789 4095
0.001191 4095
0.000425 4095
0.012767 4095
0.000726 4095
0.000070 4095
0.002063 4095
0.000176 4095
0.000792 4095
0.001051 4095
0.000118 4095
0.000588 4095
0.000370 4095
0.000035 4095
0.001471 8192
0.000103 4095
0.000733 4095
0.000521 4095
0.000199 4095
0.000748 4095
0.000314 4095
0.000158 4095
0.001684 4095
0.001182 4095
0.000235 4095
0.000747 4095
0.000453 4095
0.000478 4095
0.000317 4095
0.000035 4095
0.023410 2741
0.001346 4095
0.000149 4095
0.000493 4095
0.000146 4095
0.000309 4095
0.001314 8192
0.000154 4095
0.000138 4095
0.000437 4095
0.000448 4095
0.000354 4095
0.000229 4476
0.001486 4095
0.000173 4095
0.000035 4095
0.001049 8192
0.000474 4095
0.000069 6667
0.000020 458
0.000660 4095
0.000350 4095
0.000016 1791
0.000197 3004
0.000408 1045
0.000080 3864
0.000039 874
0.000364 1965
0.000014 1207
0.000685 2064
0.000103 4095
0.000041 3471
0.020471 4095
0.000467 4095
0.000833 4095
0.000939 4095
0.000113 4095
0.000084 4095
0.000388 4095
0.000932 4095
0.000333 4095
0.000038 4095
0.000782 4095
0.000320 4095
0.001150 8192
0.000063 4095
0.000389 4095
0.000280 4095
0.000581 4095
0.000065 4095
0.002495 4095
0.000184 4095
0.000757 8192
0.000719 4095
0.000983 4095
0.000143 4095
0.001043 4095
0.000284 4095
0.000111 5311
0.000682 7743
0.019747 4095
0.000149 4095
0.000259 4095
0.000898 4159
0.000809 4095
0.000122 4095
0.001173 4159
0.000199 4095
0.000082 4095
0.000356 8192
0.000534 4095
0.000048 3779
0.000820 3018
0.000356 4095
0.000941 4095
0.000751 4095
0.000059 4095
0.002395 4095
0.000152 4095
0.002252 4095
0.004990 8192
0.000158 4095
0.000051 4095
0.010675 4095
0.000164 4095
0.014593 4095
0.001609 4095
0.000361 4095
0.003097 4095
0.000183 4095
0.000322 4095
0.010315 4095
0.000679 4095
0.000124 4095
0.000181 4095
0.000993 4095
0.000107 4095
0.000539 4095
0.000712 4095
0.000399 4095
0.000530 4095
0.000530 4095
0.000578 4095
0.000471 4095
0.000565 4095
0.000391 4095
0.000053 4095
0.000415 4095
0.000698 4095
0.000266 4095
0.000088 4095
0.000856 4095
0.000072 4095
0.000690 8192
0.000062 4095
0.000814 7031
0.001555 3613
0.000125 4095
0.000296 4095
0.000772 6199
0.000135 5863
0.000202 1172
0.000014 147
0.000302 300
0.000062 2
0.000751 143
0.000626 1644
0.000086 2259
0.000011 149
0.000258 451
0.000128 441
0.000009 748
0.000245 917
0.000010 2
0.000489 2596
0.000070 1521
0.000013 2
0.000366 1798
0.020694 298
0.000474 4095
0.001273 4095
0.000706 4095
0.000457 4095
0.000909 4095
0.000209 4095
0.000436 4095
0.001130 4095
0.000710 4095
0.000640 4095
0.000608 4095
0.001093 4095
0.000286 4095
0.000442 4095
0.000467 4095
0.000604 4095
0.000114 4095
0.000950 4095
0.000216 4095
0.000688 4095
0.004294 8192
0.000373 4095
0.000350 4095
0.000156 4095
0.000028 4095
0.001469 4095
0.000105 4095
0.000358 4095
0.000024 4095
0.000367 4095
0.000023 1748
0.000707 4095
0.001651 8192
0.000104 4095
0.018740 4095
0.000514 4095
0.000055 4095
0.000335 4095
0.000441 4095
0.000756 4095
0.000049 4095
0.000191 4095
0.000691 4095
0.000074 4095
0.000382 4095
0.000070 4095
0.000990 4095
0.000054 4095
0.000120 4095
0.000234 4095
0.000279 4095
0.000102 4095
0.000142 1136
0.001204 2619
0.000016 1711
0.000329 3737
0.001171 5877
0.000081 2790
0.000280 4095
0.000031 1934
0.000380 3532
0.001455 4095
0.000065 4095
0.000330 4279
0.000021 1995
0.000117 1519
0.000035 1200
0.000255 2188
0.001679 4086
0.000039 3483
0.000285 3011
0.000017 1792
0.000308 1465
0.001079 3919
0.000034 1601
0.000448 4980
0.000176 142
0.000140 872
0.000303 576
0.000563 2381
0.000192 2298
0.000013 1203
0.000171 798
0.000168 931
0.000041 1018
0.000147 2076
0.000062 1625
0.000177 4791
0.036439 2879
0.000175 4095
0.001194 4095
0.000150 4095
0.000307 4095
0.000667 4095
0.000124 4095
0.000300 6662
0.000009 113
0.000035 113
0.000121 461
0.000332 588
0.000176 4095
0.000108 550
0.000023 2
0.000713 4083
0.000292 4095
0.001005 4095
0.000222 4095
0.000084 4095
0.000339 4095
0.000138 4095
0.000046 1266
0.000380 164
0.001121 4095
0.000031 4095
0.000282 4095
0.001099 4095
0.000031 4095
0.000038 4095
0.000581 4095
0.000346 3845
0.000009 941
0.002444 4095
0.000060 4095
0.000045 3761
0.000236 4095
0.000019 1746
0.000195 3104
0.000186 1329
0.002344 4095
0.000093 4095
0.000983 4095
0.000142 4095
0.001184 2305
0.001366 4095
0.000095 4095
0.000254 4095
0.002821 4278
0.000089 4095
0.019905 4095
0.000167 4095
0.001056 4095
0.000798 8192
0.000100 4095
0.001169 4095
0.000104 4095
0.001136 4095
0.000050 4095
0.000120 4095
0.000749 7892
0.001384 4095
0.001396 4095
0.001431 4095
0.000107 4095
0.001672 8192
0.000110 4095
0.000464 4095
0.001243 4095
0.001134 4095
0.000106 4095
0.000414 4095
0.001348 4095
0.000104 4095
0.001886 4095
0.000209 4095
0.001023 4095
0.000076 4095
0.000280 4095
0.000598 4095
0.000053 2910
0.000020 2
0.000044 149
0.000023 2
0.000019 144
0.000009 2
0.000620 4095
0.000171 3107
0.000026 149
0.000011 2
0.000022 149
0.000012 2
0.000054 156
0.000017 2
0.000026 151
0.000012 2
0.000019 154
0.000013 2
0.000020 150
0.000011 2
0.000018 146
0.000013 2
0.000018 132
0.000011 2
0.000019 127
0.000012 2
0.000020 145
0.000028 2
0.000027 148
0.000012 2
0.000019 152
0.000013 2
0.000255 111
0.000013 2
0.000023 113
0.000032 2
0.000037 113
0.000012 2
0.000019 113
0.000012 2
0.000019 111
0.000058 2
0.000411 3639
0.000035 144
0.000012 2
0.000024 150
0.000012 2
0.000227 145
0.000013 2
0.000024 143
0.000011 2
0.000019 149
0.000011 2
0.000019 143
0.000011 2
0.000020 146
0.000011 2
0.000022 144
0.000011 2
0.000019 145
0.000013 2
0.000018 149
0.000011 2
0.000074 144
0.000287 1920
0.000224 891
0.000299 1804
0.000981 4095
0.000405 4095
0.000012 2161
0.000261 4095
0.000161 3353
0.000032 156
0.028580 4095
0.000180 4095
0.001529 4095
0.000044 4095
0.000735 4095
0.000077 4095
0.001185 4095
0.001740 8192
0.000172 4095
0.000486 4095
0.000358 4095
0.001579 4095
0.001330 4095
0.000075 4095
0.000471 4095
0.000819 4095
0.000126 4095
0.000868 4095
0.000807 4095
0.000943 4095
0.000205 4095
0.000083 4095
0.000926 4095
0.000051 4095
0.000892 4095
0.000050 4095
0.000855 4095
0.000978 8192
0.000086 4095
0.000388 4095
0.000040 4095
0.000035 4095
0.003348 4095
0.000198 4095
0.001904 4095
0.000688 4095
0.000104 4095
0.000226 4095
0.000073 3188
0.000319 2100
0.000730 4095
0.000516 4095
0.000390 4095
0.000389 4095
0.000374 1623
0.039074 4095
0.001075 4095
0.000182 4095
0.001439 4095
0.000135 4095
0.000578 4095
0.000305 4095
0.000096 4095
0.001106 4095
0.000341 4095
0.000213 4095
0.001215 4095
0.000058 4095
0.000554 4095
0.000092 4095
0.000513 4095
0.000064 4095
0.000539 3460
0.000010 135
0.000131 343
0.000011 113
0.000260 591
0.000009 130
0.000231 705
0.000008 2
0.000206 714
0.000232 877
0.000504 442
0.000968 4095
0.000136 8192
0.000669 2248
0.000761 4095
0.000929 4095
0.000492 4095
0.000066 4095
0.000086 4053
0.001038 4095
0.000131 4095
0.001367 4095
0.001667 4095
0.000173 4095
0.001784 4095
0.000167 4095
0.001437 4095
0.000549 4095
0.000255 4095
0.000250 4095
0.000050 4095
0.001003 4095
0.001018 4095
0.000159 4095
0.001584 8192
0.000481 4095
0.000173 4095
0.034503 8192
0.000198 4095
0.001329 4095
0.000097 4095
0.000077 4095
0.000808 4095
0.000066 4095
0.000057 4095
0.000200 1867
0.000006 115
0.000348 2098
0.001188 2207
0.001158 4095
0.000106 4095
0.000466 8192
0.000026 3243
0.000334 3204
0.000013 1058
0.000178 2976
0.000045 830
0.000248 1715
0.000193 876
0.000047 1330
0.000819 4095
0.001897 3265
0.000291 4095
0.001925 4095
0.000140 4095
0.000808 4095
0.000411 4095
0.000025 4095
0.000771 4095
0.000079 4095
0.000932 2229
0.001884 8192
0.000344 4095
0.000016 1724
0.000205 2975
0.000153 2742
0.000328 4095
0.000246 4053
0.000028 2228
0.000138 2081
0.001156 5097
0.000101 4095
0.000252 4095
0.002375 4095
0.000202 4095
0.002636 4095
0.000156 4095
0.000090 4095
0.000820 2288
0.000235 4095
0.000646 4095
0.001271 8192
0.038421 4095
0.000258 4095
0.001738 4095
0.000447 4095
0.000132 4095
0.001760 4095
0.000507 4095
0.000052 4095
0.001846 4095
0.000206 4095
0.001339 4095
0.000152 4095
0.001836 4095
0.001143 4095
0.000160 4095
0.000954 4095
0.000963 4095
0.000146 4095
0.000303 4095
0.000458 4095
0.000967 4095
0.000226 4095
0.001870 8192
0.000194 4095
0.000673 4095
0.001829 8192
0.000249 4095
0.001355 4095
0.000963 4095
0.000322 4095
0.001409 8192
0.001195 4095
0.000689 4095
0.000882 4095
0.000673 4095
0.000249 4095
0.000480 4095
0.000048 4095
0.000360 4095
0.000648 4095
0.000879 3881
0.001095 4095
0.000215 4095
0.000426 4095
0.000469 4095
0.000055 3668
0.000288 1025
0.000525 1649
0.000045 2886
0.000686 3906
0.033875 4095
0.000254 4095
0.002746 4095
0.000078 4095
0.001419 4095
0.002560 4095
0.000167 4095
0.000502 4095
0.001704 4095
0.000088 4095
0.000241 4095
0.000599 4095
0.000931 4095
0.000057 4095
0.000750 4095
0.000508 4095
0.000509 4095
0.000650 4095
0.000046 4095
0.000624 4095
0.001357 4095
0.000108 4095
0.000300 4095
0.000039 4095
0.000271 4422
0.000340 1743
0.000810 2312
0.000191 4095
0.000541 3303
0.001423 6343
0.001382 6941
0.000432 4095
0.000444 4095
0.000767 4095
0.000507 8192
0.000066 4095
0.000332 4095
0.000014 1544
0.000509 1326
0.000679 4089
0.000067 4095
0.000536 4088
0.000034 4095
0.000295 4737
0.000155 384
0.000013 1192
0.000064 1039
0.000013 383
0.000011 200
0.000106 406
0.000012 211
0.000207 207
0.000579 2443
0.000035 3834
0.000324 2143
0.000042 2235
0.000035 789
0.000181 366
0.000676 2519
0.000200 3251
0.000503 4066
0.000031 2099
0.000033 1030
0.000464 1281
0.000020 1824
0.001126 2933
0.000218 4095
0.032975 2655
0.001349 4095
0.000134 4095
0.001227 4095
0.000197 4095
0.000222 4095
0.000080 4095
0.000270 4095
0.000280 4095
0.000359 4095
0.000043 4095
0.000471 2705
0.000562 4095
0.000717 4095
0.000699 4095
0.000146 4095
0.000196 4095
0.000381 4095
0.000417 7054
0.000636 4095
0.000481 4095
0.000048 4095
0.001072 8192
0.000750 4095
0.000126 4095
0.000228 4095
0.000202 4095
0.000781 4095
0.000122 4095
0.000106 4735
0.000870 4095
0.000487 4079
0.000083 445
0.000295 3749
0.000010 159
0.000132 2141
0.000042 1009
0.000028 129
0.000205 2392
0.000402 5439
0.000017 1386
0.000210 2115
0.000049 579
0.000051 144
0.000095 291
0.000456 4095
0.000017 810
0.000131 1053
0.000604 2718
0.000066 1313
0.000503 3878
0.000011 2
0.000041 1575
0.000052 350
0.000154 1050
0.000170 1050
0.000905 4095
0.000078 3186
0.000541 2210
0.000184 2884
0.000063 2
0.000048 148
0.000157 743
0.000010 153
0.000231 2539
0.000274 2088
0.000027 1050
0.000278 2975
0.000083 875
0.000285 1225
0.000238 3394
0.000009 1471
0.000179 2524
0.000199 4055
0.000027 1372
0.002213 2032
0.000141 4095
0.001049 4095
0.056059 4095
0.001224 4095
0.000137 4095
0.001289 4095
0.002378 4095
0.001448 4095
0.001532 4095
0.001108 4095
0.002746 4095
0.000255 4095
0.001370 4095
0.001072 4095
0.001159 4095
0.000575 4095
0.000071 4095
0.001642 8192
0.000572 4095
0.000110 4095
0.001156 4095
0.000201 5055
0.000421 4095
0.000052 4095
0.001537 4095
0.003317 4095
0.000232 4095
0.001020 4095
0.001580 4095
0.002428 4095
0.001707 4095
0.000476 4095
0.000863 4095
0.000441 4095
0.000828 4095
0.000460 4095
0.000038 4095
0.000678 4095
0.000088 4095
0.000594 4095
0.000888 4095
0.000077 4095
0.000262 4095
0.000091 4095
0.000534 1811
0.000500 3080
0.000214 3762
0.000756 4044
0.000027 3177
0.000475 2839
0.000023 2792
0.000422 1937
0.000716 4095
0.001289 4095
0.001136 4095
0.000410 4095
0.002277 4095
0.001119 4095
0.000257 4095
0.040575 4095
0.000222 4095
0.000448 4095
0.003033 4095
0.001332 4095
0.000136 4095
0.001115 6271
0.000166 4095
0.000627 4095
0.000803 4095
0.000054 4095
0.000538 4159
0.000488 4095
0.000080 4095
0.001400 4095
0.000062 2846
0.002549 86
6.102762 15
0.578503 23
0.005265 164
0.000760 84
0.001060 86
13.023335 1
0.421011 1
0.251343 1
0.212661 1
0.296195 11
0.000129 6
0.000023 25
0.000290 8
0.000013 78
7.932158 1
0.173591 1
0.451000 11
0.007836 313
0.001612 86
1.610099 1
5.886428 1
0.169353 1
0.763497 1
0.271647 1
0.135424 11
0.000886 117
6.484134 1
0.148168 1
0.284704 1
0.206630 1
0.150592 49
