0.026695 74
23.286289 1
0.153905 1
0.125557 11
0.003805 321
0.001307 74
16.107027 1
0.085025 1
1.198221 1
0.196724 1
0.964671 1
0.161680 1
0.790552 1
0.346596 1
0.354657 1
0.096596 1
0.904012 1
0.448650 4
0.176652 4
0.163452 4
1.631466 1
0.109843 1
0.202205 1
0.541156 11
0.005783 74
0.974052 1
0.111080 1
0.171822 1
0.660170 1
0.565182 214
1.778353 1
0.245778 1
0.266658 4
0.411023 11
0.000698 86
1.999893 1
0.105626 1
0.172045 11
0.005539 86
14.930112 1
0.248581 1
0.226454 1
0.092090 11
0.041055 2196
0.000678 86
11.792766 1
0.230474 1
0.151805 1
0.090940 1
0.864047 1
0.126409 1
0.262435 1
0.252512 1
0.141807 1
0.161884 1
121.400897 67
0.833885 154
0.009622 9
0.023212 29
0.588321 35
5.297661 1
0.171403 1
0.897880 1
0.190394 1
0.175083 1
0.601053 1
1.212595 1
0.710102 2
0.000624 43
5.875014 2
0.200725 75
0.000500 2
0.000062 198
0.000186 2
0.000428 76
0.000388 2
0.006000 86
16.022929 50
3.056509 11
0.005700 29
0.417258 35
1.824640 1
0.172098 1
0.274280 1
0.231512 1
0.191635 1
0.516822 1
0.964190 1
0.172108 2
0.000669 43
233.242946 2
0.406094 355
0.005766 86
4.584086 50
13.998606 223
2.740912 47
1.426508 223
0.774327 47
1.107631 11
0.006642 27
0.000323 2
0.405288 35
2.072837 1
0.169242 1
0.232218 1
0.114946 1
0.192102 1
1.006761 1
0.417274 1
0.338796 2
0.000179 43
1.219254 2
0.159923 353
0.000041 2
0.008611 86
50.727672 50
0.449849 11
0.006022 29
0.406113 35
1.037591 1
0.202308 1
0.253134 1
0.216705 1
0.101203 1
0.856965 1
0.467278 1
0.507009 2
0.000795 43
0.872631 2
0.149529 355
0.006122 86
65.264789 511
0.000296 2291
1.917192 836
0.000180 910
1.821401 1
1.309850 1
0.553375 4
0.507732 4
0.042092 4
0.030369 4
0.030481 4
0.030207 4
0.029902 4
0.030620 4
0.030173 4
0.030412 4
0.030430 4
0.030793 4
0.029645 4
0.038997 4
0.030547 4
0.030352 4
0.029982 4
0.030255 4
0.040970 4
0.029887 4
0.030797 4
0.030058 4
0.029833 4
0.030698 4
0.035420 4
0.030404 4
0.030797 4
0.029614 4
0.030491 4
0.030328 4
0.030389 4
0.029951 4
0.030584 4
0.029885 4
0.030586 4
0.030439 4
0.030515 4
0.030369 4
0.030319 4
0.030493 4
0.029708 4
0.030846 4
0.030250 4
0.030267 4
0.030091 4
0.030289 4
0.043482 4
0.029554 4
0.030062 4
0.030068 4
0.030267 4
0.029892 4
0.031087 4
0.030169 213
0.030107 4
0.031142 4
0.037209 4
0.026200 4
0.030220 4
0.030288 4
0.029931 4
0.030824 4
0.029715 4
0.030805 4
0.029981 4
0.031037 4
0.030401 4
0.030311 4
0.029233 4
0.030504 4
0.030391 4
0.030390 4
0.030347 4
0.029909 4
0.030412 4
0.030345 4
0.030656 4
0.030292 4
0.030745 4
0.040683 4
0.030403 4
0.030079 4
0.030760 4
0.030097 4
0.029875 4
0.030104 4
0.030278 4
0.030678 4
0.030335 4
0.036477 4
0.030597 4
0.030848 4
0.031248 4
0.028723 4
0.029748 4
0.031471 4
0.029783 4
0.030224 4
0.031453 4
0.029286 4
0.039896 4
0.030316 4
0.029955 4
0.030144 4
0.030361 4
0.030771 4
0.029438 4
0.031098 4
0.030023 4
0.030751 4
0.030020 4
0.040035 4
0.029619 4
0.030721 4
0.030082 4
0.031098 4
0.030585 4
0.030189 4
0.030286 4
0.029633 4
0.030219 4
0.029732 4
0.036496 4
0.030076 4
0.030082 213
0.030315 4
0.030217 4
0.030148 4
0.031139 4
0.029612 4
0.030799 4
0.030192 4
0.029807 4
0.030975 4
0.030341 4
0.030172 4
0.030496 4
0.030273 4
0.030597 4
0.030928 4
0.028891 4
0.030807 4
0.030648 4
0.030190 4
0.039493 4
0.031520 4
0.029775 4
0.030667 4
0.030494 4
0.030022 4
0.030082 4
0.030220 4
0.030629 4
0.029964 4
0.030656 4
0.035373 4
0.029862 4
0.030320 4
0.030738 4
0.029749 4
0.030387 4
0.030676 4
0.030326 4
0.030107 4
0.030841 4
0.030413 4
0.030038 4
0.031894 4
0.029637 4
0.028904 4
0.030702 4
0.030932 4
0.029806 4
0.030025 4
0.030190 4
0.030333 4
0.030228 4
0.040901 4
0.030524 4
0.030036 4
0.029336 4
0.030945 4
0.030653 4
0.030290 4
0.030274 4
0.030703 4
0.030634 4
0.039074 4
0.026462 4
0.030346 4
0.029111 4
0.031211 4
0.030013 4
0.030372 4
0.030616 4
0.030093 213
0.030643 4
0.030409 4
0.039906 4
0.030464 4
0.030498 4
0.030807 4
0.029815 4
0.029829 4
0.030687 4
0.030490 4
0.030536 4
0.030610 4
0.030835 4
0.040076 4
0.030177 4
0.029726 4
0.030890 4
0.030090 4
0.040506 4
0.029719 4
0.030469 4
0.030763 4
0.127313 83
0.650390 1
2.834401 170
0.176731 175
1.704614 177
0.526489 174
0.030359 171
0.030022 168
0.030226 165
0.035476 162
0.030391 159
0.030907 156
0.030358 153
0.029543 152
0.031251 155
0.029782 152
0.030219 149
0.030507 148
0.030191 147
0.030342 146
0.030274 151
0.030312 148
0.030189 145
0.030236 150
0.031065 147
0.030996 144
0.029329 141
0.030248 138
0.030444 137
0.030073 136
0.029858 135
0.039738 131
0.030466 132
0.030305 2540
0.030507 82
0.030220 86
0.030185 82
0.030293 78
0.030645 74
0.029832 72
0.031632 70
0.030315 68
0.034876 66
0.030932 64
0.030211 62
0.030382 60
0.030076 74
0.030487 70
0.031462 66
0.029193 62
0.032202 58
0.028680 54
0.031354 50
0.029234 46
0.029864 42
0.031251 40
0.029781 42
0.029918 38
0.031218 34
0.029151 32
0.030506 30
0.030211 28
0.030196 32
0.030236 28
0.038499 24
0.031112 20
0.030788 18
0.030712 16
0.029295 14
0.031018 12
0.029973 10
0.030628 8
0.029416 6
0.030625 2
0.030810 163
0.035687 161
0.030495 160
0.030248 167
0.030885 164
0.029998 161
0.030664 158
0.029591 155
0.030373 154
0.029935 153
0.030223 154
0.031024 151
0.039402 150
0.030468 153
0.029667 150
0.031070 147
0.030092 146
0.029960 145
0.031370 144
0.029640 143
0.030268 142
0.030474 141
0.030631 140
0.039362 139
0.030832 138
0.030329 137
0.029988 136
0.030887 135
0.039354 131
0.029655 134
0.031049 2469
0.030021 82
0.030723 80
0.036912 78
0.029346 76
0.030736 74
0.029996 72
0.030476 70
0.031255 68
0.029554 66
0.030734 64
0.030819 62
0.029542 60
0.029963 58
0.030366 56
0.030375 54
0.029846 52
0.030762 50
0.029909 48
0.030341 46
0.029928 44
0.030794 42
0.030246 40
0.030741 38
0.029981 36
0.039746 34
0.029558 32
0.030788 30
0.030072 28
0.030062 26
0.030848 24
0.030751 22
0.029956 20
0.030652 18
0.029220 16
0.032699 14
0.035111 12
0.029792 10
0.030646 8
0.030244 6
0.030214 2
0.030174 163
0.030118 161
0.031138 160
0.030422 159
0.029757 158
0.030206 157
0.031109 156
0.030226 155
0.030117 154
0.030150 153
0.030371 152
0.030334 151
0.030761 150
0.029437 149
0.399518 110
0.000010 6
0.000466 189
5.270146 11
0.004738 29
0.378572 35
2.026177 1
0.096963 1
0.277226 1
0.262601 1
0.070743 1
0.766453 1
0.835473 1
0.490321 2
0.000405 43
1.696392 2
0.154863 355
0.006603 86
8.436889 2802
2.819562 406
27.780853 4
0.511382 4
0.039777 4
0.030640 4
0.029152 4
0.030474 4
0.256771 4
0.354693 489
3.162329 4
0.480625 4
0.203859 4
0.170015 4
0.121259 4
0.506413 4
0.029685 4
0.043023 4
0.028922 4
0.030413 4
0.030271 4
0.030472 4
0.029977 4
0.030295 4
0.030379 4
0.030620 4
0.030262 4
0.037952 4
0.026556 4
0.029594 4
0.030743 4
0.030152 4
0.029249 4
0.032374 4
0.029325 4
0.030678 4
0.029612 4
0.030875 4
0.040177 4
0.030325 4
0.030736 4
0.030022 4
0.030176 4
0.030541 4
0.030446 4
0.030147 4
0.029960 4
0.030225 4
0.031026 4
0.041260 4
0.029800 4
0.030751 4
0.029901 1
0.030086 1
0.039998 1
0.030404 1
0.030474 1
0.030094 1
0.030647 1
0.029654 1
0.036069 1
0.030599 1
0.030381 1
0.029891 1
0.031186 1
0.029508 1
0.030685 1
0.031121 1
0.029687 1
0.030281 1
0.029934 1
0.030416 1
0.030338 1
0.030456 1
0.030813 1
0.030722 1
0.029365 1
0.030475 1
0.030273 1
0.029756 1
0.030332 1
0.125436 1
0.122795 1
0.341030 1
0.197858 1
1.418944 3
0.528092 9
0.520327 11
0.560417 20
0.467126 16
0.345809 13
0.177748 24
0.161285 14
0.157465 5
0.201441 6
0.217656 2586
0.203730 1
0.513047 1
0.403592 455
0.541228 3
1.354183 1
0.313157 1
0.127526 1
0.210567 1
0.442491 1
0.204194 1
0.249328 1
0.671361 4
0.166836 4
0.646003 1
0.111741 1
1.948914 63
0.996381 159
0.003832 29
0.540760 268
27.501508 1
0.147789 1
0.525577 1
0.091722 2
0.000092 80
0.386059 49
0.001228 130
0.002366 86
9.863962 46
1.337295 11
0.005903 29
0.860909 47
0.000272 2
0.003044 130
0.001285 86
5.763764 46
2.855958 4
0.525781 4
0.024784 4
0.031062 489
0.029829 4
0.029854 4
0.030889 4
0.029694 4
0.030522 4
0.029977 4
0.030172 4
0.030059 4
0.040858 4
0.030942 4
0.030102 4
0.031120 4
0.029139 4
0.030710 4
0.030700 4
0.030122 4
0.030008 4
0.029991 4
0.030505 4
0.042162 4
0.029925 4
0.030825 4
0.030335 4
0.030903 4
0.038537 4
0.030518 4
0.030448 4
0.030269 4
0.030541 4
0.030186 4
0.036401 4
0.029895 4
0.030557 4
0.030361 4
0.030517 4
0.030256 4
0.030324 4
0.030081 4
8.327137 58
0.867108 145
0.022539 89
0.001746 86
3.803366 44
0.388553 1
0.520763 240
0.029802 1
0.030392 1
0.030909 1
0.029393 1
0.034197 1
0.027230 1
0.029598 1
0.030452 1
0.030542 1
0.030055 1
0.041982 1
0.030596 1
0.029867 1
0.030069 1
0.030346 1
0.030693 1
0.030165 1
0.030117 1
0.030444 1
0.030237 1
0.030366 1
0.040861 1
0.030036 1
0.031061 1
0.030055 1
0.030683 1
0.039192 1
0.029515 1
0.030451 1
0.030598 1
0.029825 1
0.036826 1
0.029964 1
0.031164 1
0.030891 1
0.029332 1
0.031716 1
0.030459 1
0.202706 1
1.194804 138
0.176316 139
0.121321 142
0.707188 145
0.370909 148
0.184866 151
0.157125 156
0.221760 14
0.006184 29
0.447439 35
5.944000 1
0.138033 1
0.909705 1
0.545044 1
0.141012 1
1.161176 1
0.752751 1
0.257919 2
0.000580 43
0.198962 2
0.169421 117
0.005581 86
2.294084 51
0.691569 11
0.005138 29
0.430342 35
1.698726 1
0.114855 1
0.253075 1
0.040088 1
1.335095 1
0.564604 1
1.066242 1
0.795756 2
0.000455 43
17.409349 2
0.171852 355
0.005675 86
1.888400 51
1.175508 11
0.005556 29
0.438606 35
1.284488 1
0.117819 1
0.250504 1
0.244292 1
0.740925 1
0.177455 1
0.323061 1
0.168238 1
0.251255 1
0.424138 1
0.223184 1
0.166839 1
0.176240 1
0.558692 1
1.165896 1
0.329451 1
0.159790 1
0.130859 1
0.248343 1
0.277443 1
0.249278 1
0.245837 1
0.187410 1
1.154363 2
0.000818 59
1.452452 2
0.176704 355
0.007775 86
67.410738 51
0.599541 11
0.004525 29
0.389604 35
1.815339 1
0.170967 1
0.226753 1
0.161421 1
0.727532 1
0.182385 1
0.202229 1
0.135965 1
0.248140 1
0.263222 1
0.167360 1
0.164581 1
0.116672 1
1.057079 1
0.984918 1
0.253219 1
0.177709 1
0.240663 1
0.238601 1
0.211702 1
0.273023 1
0.257322 1
0.227647 1
0.553580 2
0.000757 59
1.546091 2
0.167209 355
0.005566 86
34.289308 51
1.163396 11
0.005849 29
0.568569 35
2.053246 1
0.101197 1
0.302571 1
0.228248 1
0.225968 1
0.212729 1
0.188039 1
0.176157 1
0.171560 1
0.268062 1
0.191826 1
0.166431 1
0.091470 1
0.702109 1
0.480363 1
0.248744 1
0.135393 1
0.196978 1
0.232258 1
0.288156 1
0.341194 1
0.452425 1
0.136052 1
0.294101 2
0.000818 59
3.280582 2
0.144917 108
0.005989 86
6.630416 51
0.853635 137
1.064566 136
3.103219 11
0.005419 29
0.740510 49
0.001158 130
0.002110 86
1.631468 46
0.915590 153
1.983891 11
0.005475 29
0.396685 35
26.214470 1
0.127275 1
0.302742 1
0.179971 1
1.097869 1
0.188032 1
0.212091 1
0.164052 1
0.763719 1
0.383993 1
0.146146 1
0.167563 1
0.157862 1
0.811970 1
0.575925 1
0.237156 1
0.143981 1
0.161889 1
0.242109 1
0.336591 1
0.456434 3
0.480970 1
0.331796 1
0.173054 1
0.518540 3
0.330379 1
0.263236 1
1.135711 2
0.000517 59
3.093059 2
0.135040 108
0.004435 86
6.851872 51
25.766825 157
0.565861 4
0.524695 4
0.030475 4
0.030340 4
0.030135 4
0.040381 4
0.030711 4
0.030778 4
0.029843 4
0.030132 4
0.035855 4
0.030199 4
0.029887 4
0.030562 4
0.030957 4
0.029604 4
0.030202 4
0.030347 4
0.030417 4
0.030584 4
0.029963 4
0.030504 4
0.029915 4
0.030723 4
0.030376 4
0.030198 4
0.030461 4
0.030212 4
0.029902 4
0.030512 4
0.030182 4
0.030371 4
0.040635 4
0.030087 4
0.030406 4
0.030490 4
0.029722 4
0.030786 4
0.030387 4
0.029968 4
0.030239 4
0.030558 1
0.030376 1
0.035136 1
0.030128 1
0.030610 1
0.030693 1
0.029875 1
0.033601 1
0.027103 1
0.029986 1
0.030726 1
0.030278 1
0.031297 1
0.028564 1
0.030579 1
0.029659 1
0.615096 1
0.107506 1
0.224289 1
0.080995 1
0.665157 1
0.161717 1
0.196950 1
0.247659 1
0.199206 1
0.149576 1
1.061420 67
1.349716 163
0.005152 29
0.442850 35
1.897089 1
0.109757 1
0.269151 1
0.197136 1
0.298504 1
0.195977 1
0.216341 1
0.157237 1
0.207408 1
0.661687 1
0.116626 1
0.181235 1
0.124162 1
0.787582 1
0.914342 1
0.564968 1
0.172568 1
0.357947 1
0.217274 1
0.369296 1
0.389690 3
0.343487 1
0.251954 1
0.510172 1
0.621193 1
0.677657 2
0.000152 59
5.311553 2
0.152932 106
0.000018 2
0.008067 86
58.806494 17
0.758889 27
0.013539 575
0.002495 61
0.000963 86
10.953026 26
1.064128 45
0.018750 53
0.000664 86
7.883624 1
0.590497 4
0.127163 1
0.141244 1
0.171704 1
0.246347 1
3.531668 1
0.161560 1
2.068058 1
0.414059 1
0.647650 1
0.144893 1
1.194383 1
0.376266 1
0.309212 1
0.158093 11
5.383995 1
0.096284 1
0.212461 1
0.152024 1
1.143342 2
0.000224 88
2.077390 13
0.659533 54
0.677541 11
0.005786 86
6.314683 37
1.103129 57
0.474624 7
0.512149 7
0.030344 7
0.030600 7
0.029445 7
0.030667 7
0.030184 7
0.031850 7
0.030069 7
0.029363 7
0.204788 7
0.173452 7
0.737777 3
0.107523 3
0.168817 3
0.248246 3
0.161766 11
0.007823 358
0.000318 86
9.214550 116
0.980827 79
2.089474 165
0.519202 1
0.030148 1
0.030531 1
0.030164 1
0.030499 1
0.030227 240
0.030169 1
0.781577 3
0.798591 216
0.188165 213
0.191851 210
0.136176 204
0.121541 203
0.270885 242
1.336730 3
0.371132 15
1.096830 11
0.279579 203
0.152265 206
0.159116 208
0.217618 211
1.331334 1
0.189820 1
0.136092 1
0.144423 1
0.111378 1
0.138886 1
0.464639 200
0.212503 194
0.175685 193
0.753830 194
0.470235 196
0.236983 199
0.182787 202
0.222495 205
0.262886 208
0.140959 211
0.138769 214
0.234392 217
0.161547 220
0.279135 13
0.147154 16
0.110988 19
1.334283 12
0.006613 86
2.772525 56
0.540747 299
0.631849 11
0.011680 118
0.001152 86
5.743988 27
0.626793 47
0.008934 86
0.021418 97
6.932330 89
1.209781 155
0.008389 86
6.089370 32
0.561741 57
0.430682 35
3.149137 1
0.086900 1
0.191960 1
0.186137 1
0.742723 1
0.214182 1
0.150170 1
0.132118 1
0.229348 1
0.902186 1
0.448798 1
0.157004 1
0.151149 1
0.631666 1
1.021084 1
0.359086 1
0.151458 1
0.199298 1
0.234977 1
0.249586 1
0.317606 1
0.207747 1
0.176048 1
2.203672 2
0.000777 59
4.866350 2
0.158610 108
0.003725 86
11.392685 140
27.671719 199
0.504776 4
0.040094 4
0.030671 4
0.029883 4
0.030293 4
0.029661 4
0.031404 4
0.029534 4
0.030585 4
0.030994 4
0.029376 4
0.035885 4
0.029720 4
0.030316 4
0.029724 4
0.031376 4
0.030783 4
0.029921 4
0.030865 4
0.029850 4
0.030256 4
0.030458 4
0.030030 4
0.030454 4
0.030166 4
0.030319 4
0.030267 243
0.000208 246
0.030582 4
0.030090 4
0.030395 4
0.030385 4
0.030229 4
0.030290 4
0.040845 4
0.029708 4
0.030562 4
0.030657 4
0.030289 4
0.030753 4
0.029196 4
0.030422 4
0.030425 4
0.030181 4
0.030148 4
0.036203 4
0.030693 4
0.029638 4
0.030187 4
0.030888 4
0.030634 4
0.030273 4
0.029670 4
0.030952 4
0.030176 4
0.029949 4
0.039504 4
0.030169 4
0.031302 4
0.030460 4
0.029826 4
0.030740 4
0.030490 4
0.029553 4
0.030745 4
0.030477 4
0.029768 4
0.040890 4
0.030406 4
0.030523 4
0.029870 4
0.029517 4
0.041596 4
0.030513 4
0.029521 4
0.030204 4
0.030467 4
0.035298 4
0.031262 4
0.029780 4
0.030200 4
0.029968 4
0.030663 4
0.030430 4
0.030429 4
0.029806 4
0.030384 4
0.030240 4
0.030213 4
0.031436 4
0.029776 4
0.029541 4
0.030442 4
0.031322 4
0.029496 4
0.030353 4
0.030643 4
0.030214 4
0.029883 4
0.040974 4
0.030222 4
0.030226 4
0.030418 4
0.029950 4
0.033763 4
0.027157 4
0.029665 4
0.031057 117
0.030457 1
0.030288 1
0.034850 1
0.030138 1
0.030850 1
0.030160 1
0.030980 1
0.029605 1
0.031428 1
0.029987 1
0.029968 1
0.862491 29
0.997188 51
0.005924 86
12.299709 85
0.733871 151
0.007138 86
1.778609 58
0.520774 307
0.990291 35
1.686522 11
0.742416 49
0.001104 130
0.001002 86
102.138677 23
2.614668 73
3.804537 307
1.068363 11
0.007585 86
0.467238 20
0.429955 35
0.419328 73
0.891667 307
0.701744 35
1.226693 77
1.739183 11
0.008943 86
0.667793 62
0.610783 307
1.304399 35
1.875142 11
0.456850 35
3.167997 1
0.184413 1
0.954077 1
0.417954 1
0.505886 1
1.042481 1
1.109903 1
0.221934 2
0.000656 43
8.284683 2
0.153652 108
0.006165 86
62.796770 23
1.175115 77
1.438621 307
1.077183 11
0.007718 86
0.469357 20
0.615187 35
0.821983 77
1.703791 4
0.506003 4
0.030123 4
0.029972 4
0.042547 4
0.029985 4
0.030571 4
0.030706 4
0.029510 4
0.030186 4
0.030544 4
0.031637 4
0.029045 4
0.029925 4
0.031245 4
0.033180 4
0.030763 4
0.030686 4
0.029107 4
0.031552 489
0.030557 4
0.029513 4
0.030572 4
0.029683 4
0.031318 4
0.029182 4
0.042537 4
0.029764 4
0.030225 4
0.030740 4
0.030066 4
0.256052 4
0.520296 4
0.031274 4
0.030027 4
0.031534 4
0.029580 4
0.029387 4
0.161494 4
0.190044 4
1.385706 64
5.535634 196
0.007865 86
16.401873 425
1.157798 391
0.002103 372
0.001535 86
1.963222 344
1.777696 173
5.089039 307
1.076299 35
0.634749 11
0.398413 35
1.808559 1
0.096243 1
0.247719 1
0.156055 1
0.136844 1
1.188283 3
0.137844 3
0.832333 1
0.544759 1
0.374544 1
0.378865 1
0.456246 1
0.307323 1
0.308035 1
1.131739 1
0.160782 1
0.430331 1
0.668610 1
0.998491 1
0.312906 1
0.400027 1
0.661648 1
0.348736 1
0.337849 1
0.480179 1
0.510674 1
0.239489 1
0.619933 2
0.000893 59
2.018149 2
0.124356 104
0.006787 86
163.438127 23
0.930010 367
0.752193 173
1.059396 307
0.742316 35
0.694607 39
1.173291 11
0.007424 86
0.952066 20
0.383785 35
0.555199 367
0.770100 173
26.779276 1
0.638225 3
0.886698 7
0.424288 3
0.289440 4
0.656869 2
0.000080 9
0.007637 86
1.857862 58
0.635814 307
1.156883 35
1.052754 11
0.444984 35
2.841994 4
0.465135 4
0.318916 4
0.781575 3
0.530643 3
0.031387 6
0.029029 3
0.031113 3
0.031195 6
0.030863 3
0.030573 3
0.028747 6
1.726479 1
0.108425 1
0.261334 1
0.181769 1
0.301049 1
0.401971 1
0.342834 1
0.464783 1
0.293564 1
0.365187 1
1.197510 1
0.165244 1
0.712324 1
0.413810 1
0.853432 1
0.354370 1
0.369221 1
0.612051 1
0.248113 1
0.241054 1
0.521768 1
0.643581 1
0.279454 1
1.278651 3
0.358821 1
0.232736 2
0.000672 59
8.535713 2
0.157836 104
0.005196 86
4.741591 23
0.592119 73
3.939557 307
1.062925 11
0.007498 86
0.526384 20
0.311067 35
0.466836 73
2.081652 1
0.595574 1
0.359893 1
0.223451 1
10.039698 11
0.007363 86
1.503616 62
0.884765 307
0.390424 35
0.804630 11
0.438708 35
0.979960 4
1.107469 4
0.752147 3
0.525805 3
0.029876 6
0.031934 3
0.029264 3
0.030810 6
0.962026 1
0.195548 1
0.339313 1
0.151367 1
0.317621 1
0.389845 1
0.393781 1
0.437931 1
0.278219 1
0.328675 1
0.716877 1
0.166601 1
0.442171 1
1.586292 1
1.170137 1
0.313515 1
0.384097 1
0.613458 1
0.164670 1
0.310151 1
0.488916 1
0.501927 1
0.233131 1
0.411461 3
0.272930 1
0.358776 2
0.000925 59
23.671527 2
0.147289 108
0.005257 86
24.905954 23
7.126760 69
41.435832 156
0.528012 307
1.098050 11
0.007826 86
0.346749 20
0.555744 77
0.741148 156
0.623053 307
1.051529 60
1.182264 4
0.511537 4
0.029881 4
0.030377 4
0.030747 4
0.030113 4
0.030836 4
0.038318 4
0.030338 4
0.030028 4
0.030591 4
0.030151 4
0.031023 4
0.029563 4
0.030353 4
0.030775 4
0.029756 4
0.030323 4
0.035735 4
0.030234 489
0.030767 4
0.030443 4
0.030886 4
0.029475 4
0.030378 4
0.030474 4
0.030379 4
0.029527 4
0.031662 4
0.030178 4
0.029997 4
0.029918 4
0.030428 4
0.030805 4
0.030477 4
0.029442 4
0.031264 4
0.029771 4
0.030370 4
0.031074 4
1.563308 64
1.660703 196
0.008191 86
2.156195 59
0.420854 307
0.470052 77
0.546499 11
0.000027 10
6.435588 19
0.000029 11
0.000254 86
5.591961 65
0.675918 4
0.508457 4
0.030314 4
0.030150 4
0.029576 4
0.031026 4
0.030261 4
0.030165 4
0.040892 4
0.030470 4
0.030783 4
0.029701 4
0.030150 4
0.030764 4
0.029963 4
0.030430 4
0.030833 4
0.031481 4
0.028549 4
0.036436 4
0.030364 4
0.030741 4
0.030331 489
0.029557 4
0.031401 4
0.029294 4
0.030350 4
0.030636 4
0.031128 4
0.029319 4
0.030773 4
0.029857 4
0.029897 4
0.030934 4
0.030138 4
0.031268 4
0.029289 4
0.029640 4
0.031887 4
0.029793 4
0.029877 4
0.265690 4
0.446507 11
0.385869 35
1.486600 1
0.156627 1
0.523062 1
0.140731 1
1.549434 1
0.616311 1
0.379359 1
0.466592 1
0.299423 1
0.380805 1
0.763079 1
0.222653 1
0.777909 1
1.081976 1
0.958954 1
0.528246 1
0.305580 1
0.536582 1
0.187639 1
0.384780 1
0.686384 1
0.766541 1
0.282636 1
0.960724 2
0.000208 59
7.637321 2
0.134381 104
0.005266 86
92.057021 31
0.800583 55
0.018738 103
17.818741 1
0.177635 1
0.181960 1
1.540047 4
0.187124 4
0.151410 4
0.146597 1
1.153148 1
0.089790 1
0.162082 1
0.182627 1
0.171177 1
0.188337 11
0.000286 74
1.240873 1
0.181754 1
0.191650 1
0.553772 1
0.949724 1
0.195164 1
0.475430 1
2.891256 11
5.125511 344
6.794096 2
0.000174 346
7.010033 2
0.001319 76
1.691330 7
0.603847 16
0.798853 12
0.398913 1
0.529934 1
0.029769 1
0.144845 1
0.171501 1
1.061163 3
0.217270 13
0.171977 13
0.121979 13
0.157504 1
0.550931 9
0.111361 9
0.220001 9
0.130968 11
0.687382 11
0.353844 11
0.004635 346
0.000630 74
7.793975 19
0.453399 21
0.917649 1
0.259209 1
0.337777 1
0.408642 11
0.022890 29
11.183517 2
0.018725 42
0.000798 49
0.002600 74
10.053433 14
0.627310 11
0.007240 29
26.569226 2
0.007345 42
0.000359 49
0.001812 74
1.456386 14
8.363823 84
1.997980 40
35.594657 394
0.505734 4
0.516257 4
0.030050 4
0.035133 4
0.030543 4
0.030005 4
0.030206 4
0.030674 4
0.030483 4
0.029877 4
0.030312 4
0.031062 4
0.029748 4
0.041119 4
0.029946 4
0.029974 4
0.030245 4
0.030958 4
0.029798 4
0.030628 4
0.030088 4
0.030398 4
0.030274 4
0.030391 4
0.189107 4
0.184515 4
0.217367 4
0.372868 4
0.283030 1
0.225297 1
0.326423 1
0.208523 1
0.297755 13
0.228252 13
0.165474 11
0.873997 11
0.008301 60
0.000114 280
0.002467 74
167.345473 1
0.182149 1
0.497064 1
0.250986 1
0.287454 1
0.163204 1
0.804395 1
0.656299 1
0.914266 1
0.090076 1
0.525998 1
3.167511 1
0.173034 1
0.402663 1
0.106689 11
0.004678 74
1.086760 14
0.359461 37
0.478533 11
0.009585 24
0.002365 74
4.861680 1
0.457509 1
1.027704 4
3.510187 1
0.502400 1
0.144991 1
0.344116 1
0.191561 1
5.017831 1
0.100747 1
0.216765 1
0.229035 1
0.145561 1
1.111453 1
1.772641 1
0.070309 1
0.224094 11
0.002999 87
0.000991 74
21.752237 14
0.615982 1
0.554806 1
0.339728 1
0.227098 1
0.463767 11
0.004507 79
0.000841 74
10.010871 18
0.449048 1
0.519654 1
0.030345 1
0.030320 1
0.030078 1
0.029834 1
0.031051 1
0.030405 1
0.030689 1
0.176147 1
0.169837 1
0.161107 1
0.875670 5
0.501721 5
0.580508 5
0.408672 11
0.004391 80
0.001276 74
57.231794 19
1.825211 1
0.363677 1
0.196542 1
0.151978 1
0.131423 1
0.171835 1
0.208468 1
0.356847 5
0.196913 5
0.162168 5
0.133282 5
0.131121 5
0.443917 11
0.004985 74
2.577185 14
0.269876 37
0.313828 53
0.304824 7
0.308008 29
0.838430 11
0.010260 45
0.002666 74
23.782159 18
1.550769 19
1.144735 1
0.262735 1
0.310412 1
0.095043 11
0.004294 74
1.647687 13
0.464710 36
0.691188 11
0.008459 45
0.002018 74
5.730411 1
0.116847 1
0.222299 1
0.121028 1
1.268274 1
0.139932 1
0.252983 1
0.149647 11
0.003425 346
0.000418 74
6.344820 7
0.282928 30
0.524791 36
0.556357 36
0.323405 37
0.309532 37
0.357633 53
0.293474 7
0.595225 29
0.606184 37
0.889355 37
0.351612 9
0.336372 33
0.752089 22
1.007962 16
0.695272 27
0.744308 11
0.012607 91
0.927523 22
0.619421 32
0.555937 29
0.741036 32
0.200497 30
0.224276 36
0.759364 36
1.171110 11
0.010903 45
0.003042 74
5.334002 58
64.129711 30
0.000255 74
1.569965 84
2.022061 152
0.550933 1
0.156739 1
0.141230 1
0.126321 1
0.126833 1
0.479528 14
0.337929 11
0.149424 445
0.154841 212
0.140962 209
0.212876 203
0.172920 202
0.125385 237
0.333501 15
0.176302 15
0.133172 15
0.144994 15
0.125590 15
0.127697 15
0.119997 15
0.120922 15
0.136409 15
0.378983 15
0.848977 11
0.090737 11
0.225217 11
0.221364 11
0.131126 11
0.313838 11
0.388108 11
0.137544 11
0.336663 11
0.214146 11
0.212884 200
0.155245 203
0.150331 205
2.608119 208
0.523955 211
0.234696 7
0.136598 10
0.176350 13
0.215611 16
1.320804 12
0.025748 41
1.014371 63
4.783712 2
0.000679 44
1.262914 2
0.000188 29
1.798128 2
0.000442 63
0.000834 426
0.002323 74
7.810887 39
1.463879 123
0.398004 1
0.517042 1
0.029768 1
0.030705 1
0.030597 1
0.030014 1
0.030000 1
0.030432 1
0.030347 1
0.030227 1
0.035472 1
0.030344 1
0.030224 1
0.030040 1
0.030689 1
0.031332 1
0.027860 1
0.030417 1
0.029882 1
0.030602 1
0.030280 1
0.041833 1
0.030773 1
0.029853 1
0.030633 1
0.030183 1
0.030299 1
0.030202 1
0.029674 1
0.031972 1
0.029217 1
0.030354 1
0.039678 1
0.029566 1
0.030954 1
0.560166 55
0.086637 55
0.236737 55
0.151207 55
0.731976 12
0.003639 750
0.000533 8
0.000061 66
13.808135 941
33.554920 447
1.235344 1
0.702275 3
0.279209 4
0.529141 4
0.029657 4
0.030767 4
0.030193 4
0.030820 4
0.030044 4
0.030464 4
0.030472 4
0.029907 4
0.030618 4
0.030021 4
0.030363 4
0.030062 4
0.029946 4
0.030375 4
0.030219 4
0.030734 4
0.030426 4
0.030077 4
0.040955 4
0.030408 4
0.030077 4
0.030406 4
0.030328 4
0.030761 4
0.029988 4
0.030206 4
0.030328 4
0.030161 4
0.030698 4
0.034841 1
0.030545 1
0.030638 1
0.030195 1
0.775745 54
0.194386 227
0.201692 33
0.223912 32
0.203422 30
0.161635 36
0.205900 36
0.214230 37
0.220683 37
0.210240 53
0.197193 7
0.204614 29
0.160283 37
0.393730 37
0.302922 9
0.267600 33
0.262313 22
0.322229 16
0.297773 27
0.455162 45
0.324195 42
0.627299 313
0.752964 11
0.004348 70
0.000877 74
2.823885 1
0.075958 1
0.196531 1
0.183609 1
0.247507 231
3.398545 1
0.236086 5
0.691004 11
0.000202 86
0.544751 9
0.324208 32
0.705476 11
0.430407 35
1.584626 1
0.095829 1
0.213065 1
0.180994 1
0.859064 1
0.141722 1
0.186648 1
0.147149 1
0.534947 1
1.061144 1
0.317846 1
0.176767 1
0.269842 1
1.591904 3
0.513204 3
0.030776 3
0.029878 3
0.030602 3
0.726804 2
0.001031 2
0.000118 86
1.573909 23
0.656601 37
0.408144 32
0.383280 26
0.369634 54
1.068865 257
0.801897 57
0.297266 205
0.372534 23
0.353391 37
0.307918 32
0.896656 37
0.563995 32
0.680344 26
0.411229 54
1.072437 257
0.437624 33
0.389473 32
0.679281 30
0.917734 30
0.176478 29
0.515857 38
0.030185 57
0.029767 205
0.030548 23
0.029963 37
0.030984 32
0.030346 26
0.029688 1
0.035149 1
0.030902 1
0.030073 1
0.029928 1
0.030789 1
0.030530 1
0.029701 1
0.031214 1
0.029598 1
0.031329 1
0.029848 1
0.029751 1
0.030872 1
3.586307 43
1.384773 358
0.374798 4
0.175843 4
0.137773 4
0.137259 4
0.579077 11
0.004558 3438
0.000569 86
12.573562 3583
13.190237 1697
0.319739 91
0.276343 91
0.028369 105
0.221169 91
0.025986 105
0.001423 105
0.001742 105
0.002205 105
0.002066 105
0.001421 105
0.230324 91
0.268298 91
0.025452 105
0.001687 105
0.001857 105
0.002352 105
0.001719 105
0.001598 105
0.002197 105
0.001815 105
0.255548 91
0.280876 91
0.321567 91
0.029952 105
0.001891 105
0.216704 91
0.254065 91
0.027872 105
0.001787 105
0.002978 105
0.216989 91
0.031824 105
0.225379 91
0.038684 105
0.003131 105
0.001647 105
0.001733 105
0.209629 91
0.250470 91
0.104569 2
0.033822 105
0.001758 105
0.001800 105
0.002424 105
0.001986 105
0.001345 105
0.182742 73
0.028699 86
1.476360 52
3.641031 1
0.116393 1
0.304856 1
0.342808 4
0.175774 4
0.119205 4
0.140332 4
0.139108 4
0.137750 4
1.444910 30
0.000318 86
1.390191 1
0.100864 1
0.308455 1
0.167384 1
0.154021 1
2.837343 97
1.469828 170
0.529582 4
0.504988 4
0.030080 4
0.040156 4
0.030643 4
0.030375 4
0.030000 4
0.031256 4
0.029795 4
0.030521 4
0.030211 4
0.030094 4
0.030693 4
0.039267 4
0.025842 4
0.030307 4
0.030345 4
0.030322 4
0.030202 4
0.030346 4
0.030783 4
0.030359 4
0.029406 4
0.030911 4
0.039975 4
0.030527 4
0.030681 4
0.030055 4
0.030327 4
0.030438 4
0.030129 4
0.030380 4
0.030157 4
0.030317 4
0.030229 471
0.041332 4
0.030909 4
0.030469 4
0.029340 4
0.030328 4
0.040091 4
0.030085 4
0.030488 4
0.030638 4
0.029918 4
0.029755 4
0.037828 4
0.030204 4
0.030787 4
0.029432 4
0.030884 4
0.029851 4
0.030541 4
0.029940 4
0.030625 4
0.031542 4
0.029844 4
0.029579 4
0.030506 4
0.030973 4
0.030876 4
0.029135 4
0.030367 4
0.030223 4
0.030251 4
0.031293 4
0.029229 4
0.030225 4
0.175968 4
1.643968 57
0.472163 152
0.389405 152
0.247695 152
0.233901 152
0.266479 152
0.232020 152
0.197506 152
0.161236 152
0.150199 152
0.160015 152
0.139677 152
0.146817 152
0.143075 152
0.181713 152
0.140303 152
0.160755 152
0.198915 152
0.505136 152
0.030792 152
0.030623 152
0.029954 152
0.030041 152
0.038934 152
0.030356 152
0.030314 152
0.030323 152
0.030050 152
0.030460 152
0.031209 152
0.029869 152
0.030445 152
0.031580 152
0.036052 152
0.028180 152
0.030537 152
0.031107 152
0.029931 152
0.030541 152
0.029584 152
0.031522 152
0.030199 152
0.029334 152
0.030091 152
0.030460 152
0.030856 152
0.030742 152
0.029541 315
0.030637 54
0.029905 37
0.030860 32
0.029607 26
0.030255 54
0.030525 257
0.030385 33
0.039197 32
0.030951 30
0.031173 36
0.029812 36
0.029697 37
0.030877 37
0.495267 37
0.201744 37
0.184659 36
0.181613 36
0.290677 30
0.289527 29
0.601319 38
0.706542 57
0.450545 205
0.395527 23
0.805930 37
0.385026 32
0.584380 50
0.433488 97
0.528675 315
0.548249 1
0.510463 1
0.031044 1
0.029227 1
0.031177 1
0.030151 1
0.029964 1
0.030596 1
0.030315 1
0.030127 1
0.030634 1
0.030718 1
0.041431 1
0.030946 1
0.029634 1
0.031130 1
0.029676 1
0.031489 1
0.029316 1
0.030497 1
0.029954 1
0.030596 1
0.029986 1
0.033665 1
0.029971 1
0.762144 3
0.760734 53
0.169855 53
0.147507 53
0.138514 1
0.088062 1
1.128651 49
0.115255 49
0.126982 49
0.111509 49
0.271737 51
0.454315 11
0.084613 75
0.000910 98
0.001633 401
0.000295 1331
0.000043 163
6.945782 22
0.517313 22
0.029887 22
0.030812 22
0.030193 22
0.029844 22
0.031493 22
0.029241 23
0.030265 23
0.030604 23
0.033534 23
0.030149 18
0.000121 5
0.030465 23
0.030172 23
0.030305 23
0.034294 23
0.026216 23
0.030706 23
0.030340 23
0.030049 6
0.000255 31
0.000162 86
0.029687 6
0.000182 114
0.030411 18
0.000010 16
0.000204 86
0.029895 18
0.000175 102
0.030690 18
0.000442 102
0.029727 34
0.000184 15
0.000318 71
0.029603 6
0.000040 12
0.000238 102
0.029646 6
0.000042 12
0.000194 102
0.030534 18
0.000212 102
0.029645 6
0.000015 12
0.000173 31
0.000226 71
0.030855 120
0.030002 18
0.000254 102
0.029912 6
0.000283 114
0.042162 18
0.000142 102
0.029612 120
0.031205 49
0.000043 71
0.029685 6
0.000117 12
0.000185 102
0.029782 18
0.000257 102
0.030404 120
0.030017 18
0.000243 102
0.030258 18
0.000361 102
0.030328 18
0.000251 102
0.029136 6
0.000149 12
0.000326 102
0.030578 6
0.000022 12
0.000262 102
0.033573 120
0.029398 18
0.000253 102
0.030793 6
0.000050 12
0.000252 102
0.030258 6
0.000188 12
0.000139 16
0.000124 15
0.000214 53
0.029101 83
0.030600 34
0.000172 15
0.029817 18
0.030765 18
0.031071 18
0.029933 18
0.039820 18
0.030147 18
0.030377 18
0.030661 18
0.029544 18
0.030944 18
0.029947 18
0.030139 18
0.030338 18
0.030215 18
0.030603 18
0.039229 18
0.033469 18
0.030323 18
0.030133 18
0.031316 18
0.039535 18
0.029107 18
0.030674 18
0.030169 18
0.423413 18
0.000175 3
0.361115 19
0.009862 18
0.000116 3
0.358517 19
0.504770 18
0.000136 1
0.032613 19
0.028714 19
0.029640 19
0.038317 19
0.031097 18
0.000209 1
0.029976 18
0.000027 1
0.029992 19
0.031015 18
0.000010 1
0.029924 18
0.000192 1
0.029964 18
0.000188 1
0.029748 18
0.000188 1
0.030762 19
0.030624 19
0.037738 18
0.000219 1
0.029497 19
0.029793 18
0.000225 1
0.030006 19
0.030499 19
0.030534 19
0.029702 19
0.030776 19
0.030076 19
0.030709 19
0.029495 18
0.000206 1
0.039550 19
0.031033 19
0.029680 19
0.030034 19
0.031129 19
0.030353 19
0.029963 19
0.030882 19
0.029657 6
0.000187 12
0.000127 1
0.029838 19
0.030360 18
0.000198 1
0.039638 19
0.030662 19
0.030054 19
0.030737 19
0.029773 19
0.030738 19
0.030180 19
0.030135 19
0.030594 19
0.029975 18
0.000038 1
0.030664 19
0.034940 19
0.273020 19
0.783864 19
0.423503 24
0.669005 26
1.648593 19
0.755323 18
0.000176 1
8.120016 361
0.002761 1377
12.770978 78
0.000128 5
0.994573 365
0.000467 1241
0.000027 199
0.193757 13
0.000225 21
0.000937 21
0.830819 6
0.000019 13
0.347721 19
3.039974 204
2.169923 6
0.000313 61
0.001181 86
1.096859 29
0.599633 11
0.005193 75
0.001310 98
0.001050 401
0.000735 1179
0.000086 315
1.659075 22
3.961207 18
3.208880 34
0.001595 116
0.169248 18
2.211134 6
0.000044 197
1.518159 67
0.001835 86
15.644170 29
0.301448 11
0.006672 75
0.000356 58
0.000079 40
0.002113 896
0.000063 999
2.405997 14
0.000022 32
0.000094 43
2.222915 6
0.000597 67
0.515197 108
0.030820 108
0.029877 108
0.029788 108
0.030270 18
0.000013 90
0.035263 6
0.000141 102
0.030063 18
0.000167 91
0.030513 6
0.000323 103
0.029996 18
0.000215 91
0.030206 6
0.000469 103
0.030756 6
0.000239 103
0.029127 109
0.030686 109
0.030020 109
0.030192 6
0.000037 12
0.000303 91
0.029973 6
0.000200 103
0.040154 6
0.000183 103
0.030874 18
0.000167 91
0.030312 6
0.000180 31
0.000159 177
0.029576 6
0.000058 205
0.029677 18
0.000249 116
0.000139 77
0.030627 18
0.000246 193
0.029502 6
0.000401 43
0.000064 162
0.030638 6
0.000260 28
0.000588 177
0.028842 6
0.000147 12
0.000192 193
0.030297 6
0.000010 12
0.000277 193
0.030338 6
0.000254 205
0.038000 6
0.000508 12
0.000099 116
0.000121 77
0.029725 6
0.000147 12
0.000239 193
0.029955 6
0.000144 28
0.000178 177
0.030265 6
0.000116 12
0.000013 16
0.000005 15
0.000066 162
0.030603 6
0.000117 12
0.000249 193
0.038714 211
0.029562 6
0.000100 12
0.000173 193
0.030297 6
0.000086 12
0.000393 193
0.029905 6
0.000331 43
0.000162 162
0.029411 6
0.000160 12
0.000217 193
0.036796 18
0.000279 193
0.030604 6
0.000130 28
0.000090 177
0.029100 18
0.000084 31
0.000228 162
0.030001 6
0.000150 12
0.000133 193
0.030192 6
0.000170 28
0.000048 15
0.000363 85
0.000035 77
0.029717 6
0.000162 205
0.030326 6
0.000176 12
0.000061 116
0.000137 77
0.029535 6
0.000204 12
0.000148 193
0.030103 6
0.000018 12
0.000132 175
0.030302 6
0.000136 12
0.000183 138
0.029778 18
0.000169 85
0.030413 18
0.030166 18
0.030353 18
0.029939 18
0.031343 18
0.030943 18
0.029458 18
0.030335 18
0.030509 18
0.030024 18
0.030145 18
0.041707 18
0.030273 18
0.030325 18
0.030730 18
0.030308 18
0.333497 55
1.500240 18
0.000234 8
0.708150 19
0.000233 2
0.327881 6
0.000170 28
0.398641 18
0.000008 6
0.484927 6
0.000164 20
6.292676 6
0.000032 26
0.000881 1354
15.096048 87
1.580916 6
0.000202 109
0.516731 6
0.000208 109
0.031161 18
0.000221 97
0.030496 6
0.000177 109
0.029822 21
0.000099 94
0.029968 21
0.000199 94
0.029538 18
0.000207 97
0.030706 18
0.000209 97
0.030098 21
0.000483 94
0.037051 6
0.000417 109
0.025275 6
0.000126 108
0.030339 6
0.000145 108
0.030998 6
0.000308 108
0.029344 6
0.000205 108
0.029991 114
0.030444 18
0.000214 96
0.029855 18
0.000009 3
0.000373 32
0.000274 61
0.029982 45
0.000154 145
0.030353 18
0.000229 172
0.030432 139
0.000123 61
0.030336 18
0.000136 172
0.029929 18
0.000195 172
0.029846 18
0.000154 172
0.029945 190
0.030828 6
0.000182 184
0.030280 190
0.029795 6
0.000202 39
0.000178 145
0.030130 190
0.030083 18
0.000241 172
0.030425 18
0.000264 172
0.029549 6
0.000222 12
0.000205 172
0.031162 6
0.000196 184
0.041112 6
0.000205 12
0.000160 172
0.029285 6
0.000082 12
0.001444 172
0.028847 6
0.000015 12
0.000193 172
0.030266 6
0.000168 178
0.000132 6
0.029765 6
0.000133 12
0.000142 172
0.029719 6
0.000195 12
0.000154 111
0.000152 61
0.030788 18
0.000135 111
0.000147 61
0.029527 18
0.000019 12
0.000273 160
0.029649 6
0.000157 123
0.000283 61
0.030259 6
0.000415 184
0.037037 18
0.000237 172
0.026747 6
0.000036 12
0.000240 172
0.029889 6
0.000231 12
0.000205 172
0.030131 6
0.000038 12
0.000234 172
0.029342 6
0.000188 12
0.000205 141
0.030308 18
0.030391 18
0.029936 18
0.030377 18
0.030557 6
0.000291 12
0.029787 18
0.041979 6
0.000158 12
0.030118 18
0.030408 18
0.030300 18
0.030463 18
0.031649 18
0.029691 18
0.029550 18
0.683217 6
0.000252 30
0.552991 6
0.000187 13
0.229750 6
0.000192 17
2.736614 32
0.000393 987
0.000249 467
24.774785 84
1.337159 6
0.000142 24
0.818107 27
0.618791 21
0.235511 18
0.000228 3
2.112284 6
0.000071 8
0.000016 27
0.000164 43
0.837005 108
0.505108 6
0.000102 102
0.029221 108
0.042419 18
0.000275 90
0.030495 18
0.000181 90
0.029942 18
0.000248 90
0.030337 6
0.000195 103
0.029315 6
0.000244 103
0.030147 109
0.031480 18
0.000273 91
0.030606 18
0.000226 91
0.030886 18
0.000038 91
0.028458 109
0.040795 109
0.024018 6
0.000248 103
0.030456 6
0.000042 103
0.028311 6
0.000194 103
0.030704 109
0.029449 18
0.000219 188
0.030190 26
0.000193 188
0.030082 134
0.000159 77
0.029965 18
0.000136 31
0.000019 162
0.030303 34
0.000233 177
0.029982 18
0.000275 193
0.274654 6
0.000231 12
0.000147 31
0.000193 162
0.196754 18
0.000499 193
0.178337 18
0.000224 193
0.156638 211
0.119230 6
0.000166 28
0.000157 177
0.186978 6
0.000013 12
0.000689 193
0.166519 211
0.152096 6
0.000149 12
0.000155 116
0.000165 77
0.154657 6
0.000126 28
0.000009 15
0.000249 162
0.137003 18
0.000297 193
0.277146 6
0.000314 28
0.000181 177
0.206380 6
0.000382 28
0.000589 177
0.165436 6
0.000140 128
0.000365 77
0.154887 211
0.131006 6
0.000150 12
0.000236 193
0.520839 18
0.000156 193
0.029974 6
0.000212 205
0.030033 211
0.030496 34
0.000205 177
0.029496 18
0.000295 16
0.000194 177
0.030763 49
0.000241 162
0.029675 193
0.039466 6
0.000023 12
0.000266 138
0.032223 6
0.000280 12
0.000398 85
0.029648 18
0.030537 18
0.029774 18
0.040509 18
0.030887 18
0.030031 18
0.030428 18
0.029996 18
0.030589 18
0.035196 6
0.000320 12
0.030322 18
0.030259 18
0.029607 18
0.030467 18
0.034056 18
2.520744 492
18.603322 204
2.071384 6
0.000187 61
0.001809 86
0.636097 29
0.408840 11
0.007373 75
0.000690 58
0.000167 40
0.001105 288
0.000102 113
0.000820 1494
1.138227 22
6.157984 6
0.001765 39
0.000657 50
17.730472 6
0.000179 198
2.773841 6
0.000250 61
0.002158 86
0.768705 29
0.360796 11
0.006037 75
0.000699 98
0.000915 401
0.000569 1494
1.421221 22
0.517778 22
0.030293 22
0.030044 22
0.030504 22
0.030166 22
0.030201 22
0.030591 23
0.030380 23
0.029826 23
0.039740 23
0.025063 23
0.029834 23
0.030133 23
0.029966 23
0.030605 18
0.000016 5
0.030310 18
0.000295 5
0.030134 23
0.030066 23
0.621738 6
0.000184 31
0.000109 86
2.446827 6
0.000145 12
0.000038 16
0.000210 86
0.483708 18
0.000305 102
0.290783 6
0.000013 12
0.000221 102
0.504435 6
0.000202 28
0.000200 86
0.375261 18
0.000444 102
0.408763 6
0.000325 114
0.429642 6
0.000073 12
0.000177 102
0.420441 18
0.000035 102
1.225431 49
0.000008 71
1.246914 18
0.000087 102
0.425905 6
0.000433 114
1.182553 120
0.396328 120
0.420598 120
0.666159 120
0.346218 18
0.000117 16
0.000308 86
0.344939 34
0.000047 86
1.068188 6
0.000224 12
0.000246 102
7.491043 6
0.000935 28
0.000875 122
16.208994 6
0.000564 198
1.889087 6
0.000252 61
0.001689 86
0.777311 29
0.388038 11
0.006788 75
0.000572 58
0.000148 40
0.001200 401
0.000218 5
0.000298 1489
0.948304 22
0.511861 22
0.029995 22
0.030465 22
0.030433 22
0.029923 22
0.030382 22
0.030109 23
0.030550 23
0.029935 23
0.030942 23
0.030038 23
0.041483 23
0.132143 23
0.170955 23
0.144310 23
0.160084 23
0.131494 23
0.171005 23
0.323714 6
0.000191 117
11.418849 18
0.000184 102
0.515446 34
0.000059 86
0.030589 18
0.000298 102
0.029319 18
0.000176 102
0.030255 18
0.000223 102
0.029859 18
0.000257 102
0.030752 18
0.000433 102
0.029776 18
0.000200 102
0.029910 18
0.000047 16
0.000097 86
0.029674 18
0.000332 102
0.030078 6
0.000151 28
0.000086 86
0.032609 18
0.000189 16
0.000211 86
0.030198 18
0.000213 16
0.000279 86
0.029534 6
0.000174 114
0.030914 18
0.000053 16
0.000117 86
0.029209 6
0.000276 28
0.000016 86
0.031286 6
0.000202 28
0.000186 86
0.029663 6
0.000152 28
0.000402 86
0.028652 18
0.000182 31
0.000235 71
0.030168 6
0.000153 28
0.000170 86
0.029745 120
0.030410 18
0.000203 102
0.043588 18
0.000047 16
0.000122 86
0.029085 6
0.000228 114
2.578776 21
0.512203 21
0.191835 18
0.000145 3
0.168591 21
0.199497 21
0.431890 23
0.202498 23
0.095523 23
0.196926 23
0.222067 23
0.146892 6
0.000012 12
0.000258 102
0.182015 6
0.000134 12
0.000206 102
0.180716 18
0.000210 84
0.239326 18
0.000105 65
0.246467 34
0.000073 15
0.246931 18
5.053631 6
0.000781 28
0.001217 735
21.233385 11
0.000228 192
1.485437 6
0.000338 61
0.001276 86
0.718402 29
0.315498 81
0.359088 152
0.771016 152
0.254424 152
0.242371 152
0.194326 152
0.210763 152
0.238495 152
0.231968 152
0.204765 152
0.519527 152
0.030155 152
0.030414 152
0.034148 152
0.027039 152
0.955716 4
0.516180 4
0.041715 4
0.029203 4
0.031167 4
0.029251 4
0.030106 4
0.040412 4
0.029667 4
0.031278 4
0.030159 4
0.029875 4
0.035904 4
0.030485 4
0.030013 4
0.030777 4
0.030373 4
0.029974 4
0.030941 4
0.029924 4
0.030084 4
0.030614 4
0.030461 4
0.030961 4
0.029459 4
0.030091 4
0.030774 4
0.030242 4
0.029879 4
0.030231 4
0.030861 471
0.030272 4
0.030362 4
0.029929 4
0.040513 4
0.031247 4
0.028807 4
0.030555 4
0.030226 4
0.030742 4
0.030586 4
0.029238 4
0.030820 4
0.030304 4
0.029859 4
0.035975 4
0.030890 4
0.029986 4
0.030042 4
0.030727 4
0.031905 4
0.028381 4
0.029765 4
0.031584 4
0.029435 4
0.030634 4
0.030484 4
0.030016 4
0.030836 4
0.029823 4
0.030298 4
0.030761 4
0.030360 4
0.029559 4
0.030922 4
0.029373 4
0.030433 4
0.040310 4
0.029890 4
0.030606 4
0.030508 1
0.029967 1
0.030044 1
0.031044 1
0.029766 1
0.030414 1
0.030377 1
0.030591 1
0.035314 1
0.030382 1
0.030677 1
0.028983 1
0.031406 1
0.029994 1
0.030300 1
0.031410 1
1.956335 1
0.114399 1
0.168114 1
0.110887 1
1.589777 1
0.358749 1
0.672312 1
0.075618 1
1.889827 11
0.005241 165
0.001385 86
3.313513 1
0.111276 1
0.194187 1
0.125430 1
0.625415 1
0.408813 1
0.203461 1
0.101943 1
0.166428 1
1.003628 1
0.146778 1
0.191680 1
0.126298 1
0.256517 1
1.372216 1
1.055196 1
0.152079 1
0.352802 1
0.317502 1
0.136804 1
0.292642 1
1.633575 1
0.126645 1
0.256752 1
1.434286 1
0.627247 1
0.155894 1
0.426535 1
0.131028 1
0.182168 1
0.695884 1
0.772890 1
0.166886 1
0.170735 1
0.152029 1
0.295971 11
0.405173 35
2.265507 1
0.110586 1
0.236910 1
0.181740 1
0.171885 1
0.207674 1
0.186562 1
0.156113 1
0.258329 1
0.348808 1
0.257701 1
0.176411 1
0.282562 1
0.430154 1
0.552581 1
0.310516 1
0.182753 1
0.131132 1
0.237981 1
0.267201 1
0.379014 1
0.182118 1
0.238263 1
0.729013 2
0.000619 59
2.708026 2
0.187195 104
0.004279 8
0.000240 78
4.716559 35
1.916043 30
0.846412 27
0.922608 4
0.510324 4
0.030268 4
0.040539 4
0.029815 4
0.733014 1
0.505639 1
0.029546 1
0.039755 1
0.029772 1
0.542724 1
0.188171 1
0.256640 19
0.511722 19
0.029788 19
0.030258 19
0.030485 19
0.031178 19
0.038723 19
0.030008 19
0.031118 19
0.035312 19
0.027995 19
0.030080 19
0.029531 19
0.032305 19
0.029518 17
0.038456 19
0.021008 19
0.145892 19
0.193226 19
0.932719 15
0.333617 15
0.638872 11
0.009323 50
0.001200 86
2.759664 13
22.830803 1
0.513025 1
0.030536 1
0.030308 1
0.030445 1
0.031140 1
0.114666 1
0.235375 1
0.523253 1
0.191597 1
0.555644 9
0.249685 5
0.074999 5
0.506775 5
0.141018 5
0.155468 5
0.135109 5
0.814988 11
0.007859 86
1.572741 20
0.583135 1
0.520181 1
0.029885 1
0.030648 1
0.030645 1
0.030469 1
0.171501 1
0.523470 19
0.167139 19
0.666321 15
0.149040 15
0.164353 17
0.025564 15
0.713248 19
0.167908 17
0.204046 15
10.688981 3
0.520422 3
0.030038 3
0.030386 3
0.029768 3
0.030490 3
0.031105 3
0.030240 1
0.029463 1
0.032037 1
0.029402 1
0.030069 1
0.029646 1
0.031215 1
0.040022 1
0.898376 63
1.456163 182
0.497552 1
0.030503 1
0.030597 1
0.030107 1
0.030197 1
0.030328 1
0.043207 1
0.029922 1
0.030270 1
0.030516 1
0.030368 1
0.030214 1
0.030495 1
0.030233 1
0.030494 1
0.030414 1
0.037841 231
0.024918 1
0.030291 1
0.030304 1
0.030736 1
0.030207 1
0.030420 1
0.030006 1
0.030181 1
0.030488 1
0.030529 1
0.033859 1
0.025940 1
0.030894 1
0.030341 1
0.030151 1
0.031173 1
0.029510 1
0.030296 1
0.426845 185
0.702597 14
0.008028 86
1.152774 58
0.728930 307
0.324756 43
0.863249 43
0.787400 43
0.267937 40
0.591536 11
1.864851 155
0.001105 200
0.479170 72
0.002820 67
0.003785 86
17.280347 1
0.099413 1
0.940171 1
0.161625 1
0.156719 1
1.313904 1
0.804895 4
1.318692 1
3.733802 1
0.779844 1
0.628482 1
0.382059 3
0.639440 1
0.691747 1
0.173441 1
0.187248 2
0.709645 1
1.021506 1
0.238433 9
3.535563 11
0.005735 105
0.000759 86
2.323629 23
5.354855 28
2.841207 400
0.459248 1
0.197500 1
0.107456 1
0.514969 1
0.030118 1
0.030136 1
0.030329 1
0.030722 1
0.029783 1
0.030221 1
0.030086 1
0.036888 1
0.030002 1
0.154811 1
0.159091 1
0.446992 174
0.808809 208
0.142141 210
0.550333 11
0.003945 86
1.082420 39
0.657580 1
0.506639 1
0.028765 1
0.030735 1
0.030331 1
0.030639 1
0.029622 1
0.040154 1
0.379208 1
0.666982 186
0.701948 224
0.201894 23
0.158575 23
0.130406 23
0.177758 23
0.164424 23
0.158837 23
0.235491 23
0.983971 1
0.602205 1
0.170077 1
0.182147 1
0.896540 1
0.162109 1
0.520387 1
0.030160 1
0.030821 1
0.150832 1
3.043777 5
0.514393 5
0.029552 5
0.030582 5
0.198022 5
0.212529 5
0.164672 5
1.635865 11
0.017438 86
2.219378 1
0.095081 1
0.148243 1
0.174116 1
0.151089 1
0.208927 11
0.000340 8
0.000040 66
1.024143 1
0.178287 1
0.331915 1
0.239289 1
0.115559 11
0.000083 6
