0.031944 86
6.022107 1
0.127314 1
0.061381 11
0.004813 158
0.000364 86
4.478960 1
0.197900 1
1.247638 4
0.154218 4
0.133898 1
0.135943 1
0.276927 1
0.061183 1
0.140851 1
0.708698 1
0.815980 1
0.886398 1
0.203095 11
0.000243 94
7.809254 1
0.126620 1
0.237469 1
0.270111 1
2.464961 1
0.146917 1
0.554261 1
0.201628 1
0.950391 4
0.155957 4
0.952082 1
0.346163 1
0.098223 1
0.787362 11
0.639340 1
0.369524 2
0.000082 3
2.275128 2
0.001032 2
0.000026 8
0.000197 86
37.858504 1
0.080538 1
0.192175 1
0.944566 1
0.069041 11
0.000150 8
0.000015 90
1.615432 4
0.238756 13
3.710818 4
0.155083 1
1.009616 11
0.520916 1
0.777742 5
0.980002 2
0.000918 2
0.000716 98
3.237973 9
0.545691 17
0.288085 13
0.460493 17
0.756500 4
0.433965 1
0.065678 11
0.000343 102
6.288565 4
0.413133 13
1.933423 4
0.193959 1
0.326137 11
0.507181 1
0.297573 2
0.000176 3
1.772906 1
1.368739 3
0.562612 2
0.000537 2
0.000261 102
2.222188 9
1.652211 4
0.232782 1
1.816932 11
1.151606 1
0.167405 2
0.001336 3
0.900109 2
0.001137 10
0.000016 94
12.401535 1
0.105064 1
0.262736 1
1.198706 1
0.650819 1
0.893603 11
0.000195 8
0.000088 90
0.507506 5
0.503340 105
0.910537 5
0.295752 11
0.000237 90
12.066143 1
0.524710 1
0.235313 1
0.155684 1
0.341790 1
0.581927 4
0.147251 1
0.161749 1
11.357417 1
0.260054 1
0.542997 1
1.198211 4
0.171162 4
0.160970 4
0.843938 1
0.474594 4
0.388930 1
0.336134 1
1.498464 1
0.728691 1
1.348807 1
0.192717 1
0.908576 1
1.351632 1
2.620851 1
0.145031 1
0.206839 1
1.794004 1
0.616913 1
4.162656 11
0.005406 90
1.480923 1
0.099765 1
0.212398 11
0.003632 38
0.000331 90
7.236972 1
0.130646 1
0.183820 1
1.490787 2
0.782780 4
0.412176 1
0.260127 11
0.000250 94
2.261342 4
0.545433 10
0.465103 19
1.107623 1
0.512069 1
0.029991 1
0.029537 1
0.030192 1
0.030161 1
0.030389 1
0.030446 1
0.232433 1
0.149975 1
0.141042 1
0.420727 3
1.171725 25
0.211672 23
2.798738 3
0.152112 3
0.157099 3
0.113624 3
1.367944 17
0.140936 15
1.971190 3
0.185530 3
1.093203 3
0.220319 3
0.176627 3
0.142149 3
0.686377 4
0.410047 1
0.854393 1
0.514637 1
0.030108 1
0.030687 1
0.030106 1
0.040748 1
0.029827 1
0.030599 1
0.030048 1
0.030274 1
0.742986 25
0.182724 25
0.485583 23
0.544605 11
0.003671 94
2.108908 1
0.135630 1
0.178054 11
0.005375 33
0.000722 94
12.004289 1
0.110454 1
0.107106 1
0.751631 1
0.214278 11
0.000243 98
0.767715 4
0.317043 10
0.355703 12
1.629888 1
0.177424 1
0.151876 1
0.130734 1
0.196692 1
0.153502 1
3.337582 17
0.110481 13
0.477292 11
0.004555 61
0.000145 98
1.944236 12
1.033558 4
2.287259 1
0.101466 11
0.004187 98
1.787137 1
0.080766 1
0.313040 11
0.004827 33
0.000763 98
16.678671 1
0.077708 1
0.225133 1
0.906587 1
0.181765 1
1.908607 1
0.278183 1
0.145306 1
0.702285 11
0.000227 90
2.228252 1
0.124064 1
0.086079 11
0.003867 38
0.000481 90
2.029211 1
0.090121 1
0.323753 1
0.115856 1
0.891013 1
0.241855 1
0.278653 1
0.377489 1
0.712260 1
0.131275 11
0.004956 3
0.000740 90
7.103735 1
0.101176 1
0.238555 1
0.180921 1
1.176865 1
0.561448 1
2.323383 4
0.186472 4
1.025691 1
0.567036 1
0.515632 1
1.829883 1
12.226420 1
0.150160 1
0.126703 1
1.833925 1
0.556426 1
0.101947 11
0.003215 3
0.001176 90
3.586121 13
0.575661 4
0.166910 1
0.541205 11
0.004495 3
0.001204 90
10.776193 13
0.497635 1
0.538283 1
0.031095 1
0.030128 1
0.030530 1
0.184781 1
0.816542 15
0.310674 13
3.672220 3
0.520369 3
0.029701 3
0.222695 3
0.162769 3
0.455295 3
0.656262 4
0.241576 1
0.154996 11
0.004076 3
0.000640 90
7.875665 1
0.646299 15
0.590684 4
0.923502 1
0.081283 11
0.003649 3
0.000707 90
1.158381 15
0.763589 1
0.514677 1
0.111792 1
0.179244 1
0.141737 1
0.361186 1
2.864102 15
0.312956 13
0.940484 3
0.520236 3
0.030114 3
0.030485 3
0.029770 3
0.030844 3
0.029910 1
1.398541 4
0.123810 1
0.569233 11
0.003069 3
0.000580 90
1.344183 17
0.387598 1
0.772502 3
0.176343 4
0.478567 1
0.168830 11
0.004209 3
0.000521 90
15.783769 1
0.504437 1
0.641058 1
0.622353 1
1.383811 1
0.076302 1
0.163036 11
0.017200 280
0.000698 90
23.732123 6
0.414456 1
0.176095 1
0.759999 3
0.217654 7
0.523891 3
1.121228 7
0.399295 3
0.457297 7
0.613856 3
1.688223 7
0.733320 3
5.767474 3
0.332540 4
0.498937 4
0.194925 4
2.834502 1
0.966752 1
0.509503 1
0.293737 11
0.003677 38
0.000851 90
14.506997 6
0.756256 1
1.883738 7
0.359285 11
0.003642 69
0.001080 90
6.730402 1
0.111429 1
3.926453 1
4.542580 22
1.561094 37
0.006063 90
1.217095 16
0.696361 24
0.881014 3
0.937897 4
0.540220 11
0.004727 298
0.001148 90
7.398950 6
0.508555 22
0.916645 24
0.396299 3
0.406821 4
0.341896 23
0.812235 11
0.003997 3
0.000997 90
1.261095 17
0.962250 4
0.314543 1
0.211090 11
0.003789 47
0.001102 90
20.756536 1
0.094481 1
5.432928 19
0.310820 2
0.363798 28
0.470620 22
1.213552 4
0.622102 1
0.146868 11
0.003993 90
4.891546 16
0.328012 33
0.458627 2
0.380623 28
0.752286 11
0.006214 298
0.001639 8
0.000879 82
1.691960 6
0.401697 22
1.682716 33
2.131408 4
0.404726 1
0.201007 11
0.003872 47
0.000895 8
0.000148 82
4.904030 17
4.518861 1
0.388309 1
0.220264 1
0.171809 1
0.161991 1
0.175282 1
2.855419 17
0.196058 15
0.784584 11
0.003569 3
0.000525 8
0.000564 82
3.314805 15
2.094861 4
0.238633 1
2.328468 4
0.769654 1
0.205466 1
0.161506 1
0.180411 1
0.140401 1
0.135891 1
2.226171 15
0.207393 15
0.131615 15
0.213822 15
0.585978 11
0.003831 41
0.000918 8
0.000511 82
22.381062 1
0.132400 1
0.170724 1
0.343837 1
0.171595 1
0.212669 11
0.000137 86
1.468582 1
0.171824 1
0.496901 1
0.247951 1
0.201727 1
0.134457 1
0.835863 1
0.245366 1
0.137811 1
1.962441 1
0.422390 11
0.004336 70
0.000181 2
0.001411 86
2.003987 10
1.052446 1
0.203457 1
0.173463 1
18.342361 1
0.346705 1
0.394991 5
0.191295 5
0.141362 5
0.510375 11
0.005758 86
2.295024 1
0.070255 1
0.140894 11
0.003954 138
0.001008 86
13.944980 1
0.160167 1
0.313287 1
0.179164 1
0.089121 11
0.000469 6
