0.049519 74
69.612669 33
1.237405 51
0.521272 4
0.030665 4
0.029668 4
0.030027 4
0.031677 4
0.032439 4
0.195395 4
0.939047 2
0.240429 2
0.217469 2
0.337740 2
0.070145 2
0.260009 2
0.332253 4
0.171380 4
0.130274 4
0.123893 4
0.095145 4
0.114715 4
0.673349 1
0.806588 1
0.469828 1
0.618284 1
0.074749 1
0.190137 1
0.226218 1
0.412397 1
0.042365 1
1.265868 1
0.219920 1
0.072969 1
5.193448 1
0.278974 11
0.074625 27
8.480155 2
0.318347 74
41.448449 51
1.991672 139
0.512183 4
0.031422 4
0.027983 4
0.031024 4
0.029558 4
0.031506 4
0.031343 4
0.028221 4
0.029660 4
0.031534 4
0.031422 4
0.030076 4
0.030043 4
0.451696 4
2.907360 22
2.013576 27
0.806088 1
0.199900 1
0.513278 1
0.027968 1
0.030754 1
0.029931 1
0.030270 1
0.031626 1
0.029311 1
0.029935 1
0.041385 1
0.176816 1
0.176874 1
0.369686 33
0.515141 33
0.031065 33
0.029200 33
0.036329 33
0.030948 33
0.029331 33
0.031983 33
0.181146 33
0.174266 33
0.171185 33
0.329384 33
1.268242 30
0.393930 30
0.253083 30
0.278706 30
0.051221 30
0.502840 30
0.251201 30
0.761869 33
0.116328 33
0.298300 33
0.102847 33
0.126321 33
0.137896 33
0.194455 33
0.677784 29
0.333227 29
0.277768 29
0.413720 29
0.065660 29
0.181667 29
0.205492 29
0.431167 29
0.126496 29
0.951695 29
0.294550 11
0.032240 81
0.003254 74
3.221520 38
0.325863 1
0.502733 1
0.029982 1
0.041838 1
0.031102 1
0.030509 1
0.029480 1
0.030294 1
0.040655 1
0.031593 1
0.031042 1
0.029570 1
0.029575 1
0.039422 1
0.025595 1
0.031710 1
0.028860 1
0.031053 1
0.030810 1
0.028463 1
0.031835 1
0.028974 1
0.031307 1
0.029354 1
0.040464 1
0.032461 1
0.031076 1
0.030831 1
0.028014 1
0.030662 1
0.030005 1
0.030622 1
0.029607 1
0.029492 1
0.030227 1
0.039034 1
0.030528 1
0.029614 1
0.029907 1
0.030304 1
0.030797 1
0.031361 1
0.029711 1
0.030021 1
0.030897 1
0.029612 1
0.632773 5
0.318022 9
0.201373 5
0.988672 5
0.116419 5
0.142556 11
0.099840 74
48.344635 1
0.358512 1
0.165683 1
0.355722 4
0.168640 4
0.152998 4
0.195920 1
0.418025 1
0.567428 1
0.162579 1
0.195297 1
0.147776 1
0.909996 1
0.235084 1
0.158954 1
0.185978 1
1.818988 1
0.512564 1
1.293197 1
1.416882 22
0.643674 37
0.058531 14
3.101353 2
0.000528 65
3.332127 2
0.096774 39
0.010948 74
200.714722 1
0.172163 1
0.426278 1
0.219646 1
0.662711 1
0.248036 1
0.113921 11
0.008927 2411
0.001992 74
8.164839 1
0.071417 1
0.176819 1
0.182137 1
0.172387 1
0.223493 11
0.000462 82
0.926180 1
0.119828 1
0.222543 1
0.575416 1
0.254490 1
0.117046 1
0.167570 11
0.010629 434
0.001566 82
8.048520 6
3.316013 11
0.010298 10
0.000961 432
0.000133 74
51.519464 14
0.863662 11
4.495626 1
0.388321 1
0.214441 1
0.301030 1
0.090324 1
0.191547 1
0.232738 1
0.640942 1
0.128478 1
0.803515 1
2.219974 1
5.534448 1
0.059589 1
0.273822 1
0.122563 1
0.116098 1
0.210681 11
0.010708 82
2.302831 22
0.179199 31
0.501124 11
0.009358 434
0.001043 82
3.743211 6
0.344827 28
0.481589 1
0.518325 1
0.038090 1
0.029851 1
0.031192 1
0.030057 1
0.030787 1
0.031525 1
0.028838 1
0.031152 1
0.029492 1
0.030324 1
0.029967 1
0.037119 1
0.029589 1
0.030466 1
0.031220 1
0.030308 1
0.029785 1
0.030386 1
0.031162 1
0.029569 1
0.031999 1
0.028733 1
0.030240 1
0.029899 1
0.675873 5
0.266122 5
0.127583 5
0.307092 5
0.160098 5
0.179213 11
0.049632 82
0.665600 27
0.316215 36
0.282547 11
0.008800 434
0.001720 8
0.000864 74
133.604288 1
0.132408 1
0.879097 1
0.118020 1
0.237720 1
1.097485 4
0.505915 4
0.030282 4
0.040966 4
0.030438 4
0.028651 1
0.032547 1
0.029022 1
0.034112 1
0.026983 1
0.029459 1
0.031838 1
0.030361 1
0.029142 1
0.094985 1
0.208969 1
0.281051 1
0.384927 1
0.134056 1
0.730778 1
0.170198 1
1.172614 1
0.136008 1
0.203798 1
3.358069 1
1.414931 1
0.142432 1
0.597894 4
0.980114 1
0.348189 1
0.107789 1
2.399305 1
0.436522 1
0.160574 1
5.099773 1
0.264351 1
0.302710 1
1.210640 1
0.777909 1
0.090803 1
0.248273 1
0.125823 1
0.118880 1
0.681945 11
0.040990 81
0.009448 82
10.211767 27
0.972343 1
0.514018 1
0.030165 1
0.040961 1
0.030533 1
0.309511 1
3.554257 13
0.435675 1
0.503636 1
0.039857 1
0.030180 1
0.032256 1
0.028271 1
0.029693 1
0.030542 1
0.031135 1
0.029886 1
0.029391 1
0.537946 5
0.539696 5
0.861197 5
0.308731 11
0.038967 81
0.009252 82
3.996098 1
0.417025 29
0.532266 1
0.516886 1
0.030633 1
0.029283 1
0.043328 1
0.028946 1
0.030048 1
0.029795 1
0.030948 1
0.029659 1
0.188957 1
0.178804 1
0.156651 1
0.403857 5
1.109989 5
0.903849 11
0.049936 8
0.000122 74
3.981571 1
1.381834 29
1.573005 4
0.509938 4
0.029288 4
0.031991 4
0.029510 4
0.031148 4
0.031095 4
0.028488 4
0.029387 4
0.029292 4
0.030210 4
0.031231 4
0.028710 4
0.032108 4
0.028663 4
0.029798 4
0.031553 4
0.038895 4
0.029876 4
0.030779 4
0.032837 4
0.029184 4
0.040362 4
0.029724 4
0.030678 4
0.028922 4
0.030919 4
0.030798 4
0.036289 4
0.029359 1
0.031549 1
0.030751 1
0.030432 1
0.032583 1
0.029294 1
0.028257 1
0.030391 1
0.029560 1
0.030223 1
0.042758 1
0.028110 1
0.030160 1
0.030810 1
0.202904 1
0.158381 1
0.160155 1
0.300508 1
0.527624 1
0.102948 1
0.168899 11
0.011946 10
0.000971 424
0.001256 82
87.088707 6
0.342340 35
0.784722 1
0.528310 1
0.029770 1
0.038356 1
0.171680 1
0.169368 1
0.103102 1
0.797900 3
0.248214 17
0.515403 17
0.035360 17
0.030797 17
0.029679 17
0.032936 17
0.027753 17
0.033146 17
0.026891 17
0.030577 17
0.140058 17
0.399934 17
0.686117 13
0.423200 13
0.553656 13
0.782206 11
0.041741 82
23.582916 20
0.736572 1
0.515773 1
0.038592 1
0.218493 1
0.191505 1
0.149766 1
0.426183 1
0.919067 3
1.236357 1
0.225930 5
0.547317 11
0.055089 8
0.000998 74
86.832212 21
1.137630 1
0.973882 1
0.432877 1
0.522601 1
0.761672 1
0.155962 1
4.874879 1
0.149993 1
0.268352 1
1.415780 1
0.260336 1
1.267781 1
0.470514 9
1.131443 4
0.497178 1
0.168035 1
0.507017 1
0.028525 1
0.040588 1
0.030506 1
0.028789 1
0.033230 1
0.029240 1
0.039602 1
0.031294 1
0.029222 1
0.028851 1
0.030648 1
0.032310 1
0.033733 1
0.030648 1
0.029893 1
0.031226 1
0.030056 1
0.032462 1
0.029655 1
0.029413 1
0.199584 1
0.613284 3
0.136731 5
1.359098 11
0.041981 82
51.860311 1
0.086928 1
0.287876 1
0.096950 1
0.814772 1
0.902201 1
0.186903 1
0.349896 4
0.713391 4
0.582219 4
0.157156 4
0.504670 4
0.030219 4
0.029678 4
0.030388 4
0.031167 4
0.038920 4
0.031119 4
0.030126 1
0.029587 1
0.031216 1
0.029364 1
0.032695 1
0.033393 1
0.000535 1
0.119230 1
0.101790 1
0.393390 1
0.153004 5
0.403649 11
0.000580 74
0.723649 1
0.074942 1
0.141034 1
4.721421 1
0.292154 1
5.252497 1
0.167379 1
0.797964 1
0.180385 1
0.706900 1
0.223434 1
0.201550 11
0.002200 86
3.968400 1
1.057619 4
0.190251 1
1.065357 1
0.085231 1
0.238270 1
0.140522 1
0.810586 1
0.245544 9
0.328154 11
0.008881 18
0.001174 86
50.217266 1
0.207244 1
0.317630 1
0.187667 1
0.117749 11
0.001450 6
