0.882638 63
6.042008 4
0.377164 39
1.237461 4
0.527348 4
0.030672 4
0.032027 4
0.027923 4
0.030781 4
0.032002 4
0.028429 4
0.034101 4
0.027355 4
0.037045 4
0.026561 4
0.031285 4
0.029799 4
0.030630 4
0.032137 4
0.029068 4
0.028872 4
0.029770 4
0.031391 4
0.029463 4
0.031104 4
0.029835 4
0.029700 4
0.033107 4
0.027243 4
0.032967 4
0.029243 4
0.029515 4
0.030250 4
0.031867 4
0.028483 4
0.029731 4
0.042092 4
0.030455 4
0.029786 1
0.029897 1
0.030212 1
0.030447 1
0.030818 1
0.029738 1
0.031759 1
0.029542 1
0.035113 1
0.028325 1
0.030290 1
0.031713 1
0.029484 1
0.031710 1
0.032668 1
0.918185 1
0.130857 1
1.578391 2
0.023280 59
0.000096 28
0.002045 63
8.187639 1
0.174004 1
0.122046 1
1.001723 1
0.191089 1
0.207942 2
0.009661 61
0.000040 32
0.000307 28
0.002082 63
1.283774 1
0.138127 1
0.395578 1
0.449739 1
0.380487 1
0.181602 2
0.006416 133
0.000053 37
0.000020 38
0.000240 106
0.000046 35
0.000004 2
0.000388 146
0.000110 37
0.000008 36
0.000003 2
0.000131 36
0.000092 37
0.000011 37
0.000134 74
0.000110 37
0.000013 35
0.000004 2
0.001130 899
0.000032 34
0.000003 2
0.000182 71
0.000131 67
0.000128 71
0.000567 456
0.000119 30
0.000011 30
0.001166 37
0.001346 2
0.000393 175
0.000168 66
0.000425 172
0.000321 68
0.000174 30
0.000129 59
0.000766 370
0.000180 62
0.000115 32
0.000109 58
0.001308 63
17.789590 1
0.378330 1
0.351639 1
0.338697 1
2.545862 1
1.723055 2
0.011668 92
0.001196 338
0.000577 63
1.112990 1
0.451871 1
0.317254 1
0.762365 1
0.697273 1
0.314356 1
0.212312 2
0.006038 710
0.000133 127
0.000024 41
0.000025 42
0.001309 552
0.000067 75
0.000455 285
0.000028 39
0.000130 118
0.000013 2
0.000096 81
0.000105 118
0.000138 40
0.000170 170
0.000104 84
0.000008 46
0.000097 80
0.000140 43
0.000270 53
0.000115 60
0.000105 79
0.000107 79
0.000111 104
0.000112 118
0.000504 82
0.000476 39
0.000417 103
0.000132 146
0.000148 46
0.000276 141
0.000113 82
0.000010 78
0.000213 140
0.000112 109
0.000109 107
0.000104 84
0.000019 47
0.000006 2
0.000239 109
0.000106 49
0.000329 34
0.000177 66
0.000142 66
0.000013 34
0.000007 2
0.000176 35
0.001819 63
11.649783 6
5.101455 1
0.180027 1
0.161752 1
0.874234 3
0.513642 5
0.167304 3
0.339747 3
0.620687 1
1.213714 1
0.154850 1
1.057143 1
0.166714 1
0.216018 1
0.261589 1
0.217047 1
0.612068 1
0.134680 2
0.015293 63
3.407958 1
0.092403 1
0.227847 1
0.080789 1
0.738066 1
0.139862 1
0.955221 1
0.239279 1
0.192176 1
0.304774 1
0.103588 2
0.002805 2764
0.000141 1091
0.000009 330
0.000003 112
0.000003 55
0.000003 49
0.000003 58
0.000003 42
0.000003 42
0.000002 49
0.000003 253
0.000004 53
0.000003 49
0.000006 327
0.000004 2
0.000018 968
0.000007 1834
0.000021 2802
0.000018 3559
0.000015 1977
0.000986 63
32.540501 1
0.253504 1
0.444913 1
0.190196 1
0.213084 8
