0.039744 74
20.105262 1
0.111405 1
0.369168 1
0.085152 1
0.369210 11
0.000670 401
0.000805 2641
0.000357 74
1.475055 1
0.165705 1
0.667327 11
0.006766 306
0.001258 74
1.234613 1
0.085153 1
0.762816 11
0.000250 74
0.888473 1
0.358763 1
0.340782 1
1.297429 24
0.000288 74
1.028508 1
0.288452 1
0.485058 4
0.232850 1
0.490371 1
0.156641 1
0.566014 1
0.096314 11
0.005307 66
0.000526 74
1.605956 1
0.230322 1
0.876346 1
0.131615 1
0.331751 1
0.175732 11
0.016655 66
0.000021 74
1.854919 1
0.110296 1
0.255515 2
0.000331 9
0.004867 60
0.000601 8
0.000181 66
3.380093 1
0.394542 1
0.188327 1
2.129452 4
0.257624 4
0.394251 1
0.368948 1
0.399494 1
0.224045 1
1.023161 1
0.451197 1
0.463903 11
0.000170 1111
0.000207 74
12.991389 1
0.135643 1
0.309010 1
0.275999 1
3.421823 15
0.000010 2
